
 9 Elementos 
 

 
 Elemento 1 
1.1947e+09	4.4800e+08	-1.1947e+09	4.4800e+08
4.4800e+08	2.2400e+08	-4.4800e+08	1.1200e+08
-1.1947e+09	-4.4800e+08	1.1947e+09	-4.4800e+08
4.4800e+08	1.1200e+08	-4.4800e+08	2.2400e+08

 
 Elemento 2 
1.1947e+09	4.4800e+08	-1.1947e+09	4.4800e+08
4.4800e+08	2.2400e+08	-4.4800e+08	1.1200e+08
-1.1947e+09	-4.4800e+08	1.1947e+09	-4.4800e+08
4.4800e+08	1.1200e+08	-4.4800e+08	2.2400e+08

 
 Elemento 3 
1.1947e+09	4.4800e+08	-1.1947e+09	4.4800e+08
4.4800e+08	2.2400e+08	-4.4800e+08	1.1200e+08
-1.1947e+09	-4.4800e+08	1.1947e+09	-4.4800e+08
4.4800e+08	1.1200e+08	-4.4800e+08	2.2400e+08

 
 Elemento 4 
1.1947e+09	4.4800e+08	-1.1947e+09	4.4800e+08
4.4800e+08	2.2400e+08	-4.4800e+08	1.1200e+08
-1.1947e+09	-4.4800e+08	1.1947e+09	-4.4800e+08
4.4800e+08	1.1200e+08	-4.4800e+08	2.2400e+08

 
 Elemento 5 
1.1947e+09	4.4800e+08	-1.1947e+09	4.4800e+08
4.4800e+08	2.2400e+08	-4.4800e+08	1.1200e+08
-1.1947e+09	-4.4800e+08	1.1947e+09	-4.4800e+08
4.4800e+08	1.1200e+08	-4.4800e+08	2.2400e+08

 
 Elemento 6 
1.1947e+09	4.4800e+08	-1.1947e+09	4.4800e+08
4.4800e+08	2.2400e+08	-4.4800e+08	1.1200e+08
-1.1947e+09	-4.4800e+08	1.1947e+09	-4.4800e+08
4.4800e+08	1.1200e+08	-4.4800e+08	2.2400e+08

 
 Elemento 7 
1.1947e+09	4.4800e+08	-1.1947e+09	4.4800e+08
4.4800e+08	2.2400e+08	-4.4800e+08	1.1200e+08
-1.1947e+09	-4.4800e+08	1.1947e+09	-4.4800e+08
4.4800e+08	1.1200e+08	-4.4800e+08	2.2400e+08

 
 Elemento 8 
1.1947e+09	4.4800e+08	-1.1947e+09	4.4800e+08
4.4800e+08	2.2400e+08	-4.4800e+08	1.1200e+08
-1.1947e+09	-4.4800e+08	1.1947e+09	-4.4800e+08
4.4800e+08	1.1200e+08	-4.4800e+08	2.2400e+08

 
 Elemento 9 
2.0000e+05	0.0000e+00	2.0000e+05	0.0000e+00
0.0000e+00	0.0000e+00	0.0000e+00	0.0000e+00
2.0000e+05	0.0000e+00	2.0000e+05	0.0000e+00
0.0000e+00	0.0000e+00	0.0000e+00	0.0000e+00

 Matriz Global 
1.1947e+09	4.4800e+08	-1.1947e+09	4.4800e+08	0.0000e+00	0.0000e+00	0.0000e+00	0.0000e+00	0.0000e+00	0.0000e+00	0.0000e+00	0.0000e+00	0.0000e+00	0.0000e+00	0.0000e+00	0.0000e+00	0.0000e+00	0.0000e+00	0.0000e+00	0.0000e+00
4.4800e+08	2.2400e+08	-4.4800e+08	1.1200e+08	0.0000e+00	0.0000e+00	0.0000e+00	0.0000e+00	0.0000e+00	0.0000e+00	0.0000e+00	0.0000e+00	0.0000e+00	0.0000e+00	0.0000e+00	0.0000e+00	0.0000e+00	0.0000e+00	0.0000e+00	0.0000e+00
-1.1947e+09	-4.4800e+08	2.3893e+09	0.0000e+00	-1.1947e+09	4.4800e+08	0.0000e+00	0.0000e+00	0.0000e+00	0.0000e+00	0.0000e+00	0.0000e+00	0.0000e+00	0.0000e+00	0.0000e+00	0.0000e+00	0.0000e+00	0.0000e+00	0.0000e+00	0.0000e+00
4.4800e+08	1.1200e+08	0.0000e+00	4.4800e+08	-4.4800e+08	1.1200e+08	0.0000e+00	0.0000e+00	0.0000e+00	0.0000e+00	0.0000e+00	0.0000e+00	0.0000e+00	0.0000e+00	0.0000e+00	0.0000e+00	0.0000e+00	0.0000e+00	0.0000e+00	0.0000e+00
0.0000e+00	0.0000e+00	-1.1947e+09	-4.4800e+08	2.3893e+09	0.0000e+00	-1.1947e+09	4.4800e+08	0.0000e+00	0.0000e+00	0.0000e+00	0.0000e+00	0.0000e+00	0.0000e+00	0.0000e+00	0.0000e+00	0.0000e+00	0.0000e+00	0.0000e+00	0.0000e+00
0.0000e+00	0.0000e+00	4.4800e+08	1.1200e+08	0.0000e+00	4.4800e+08	-4.4800e+08	1.1200e+08	0.0000e+00	0.0000e+00	0.0000e+00	0.0000e+00	0.0000e+00	0.0000e+00	0.0000e+00	0.0000e+00	0.0000e+00	0.0000e+00	0.0000e+00	0.0000e+00
0.0000e+00	0.0000e+00	0.0000e+00	0.0000e+00	-1.1947e+09	-4.4800e+08	2.3893e+09	0.0000e+00	-1.1947e+09	4.4800e+08	0.0000e+00	0.0000e+00	0.0000e+00	0.0000e+00	0.0000e+00	0.0000e+00	0.0000e+00	0.0000e+00	0.0000e+00	0.0000e+00
0.0000e+00	0.0000e+00	0.0000e+00	0.0000e+00	4.4800e+08	1.1200e+08	0.0000e+00	4.4800e+08	-4.4800e+08	1.1200e+08	0.0000e+00	0.0000e+00	0.0000e+00	0.0000e+00	0.0000e+00	0.0000e+00	0.0000e+00	0.0000e+00	0.0000e+00	0.0000e+00
0.0000e+00	0.0000e+00	0.0000e+00	0.0000e+00	0.0000e+00	0.0000e+00	-1.1947e+09	-4.4800e+08	2.3893e+09	0.0000e+00	-1.1947e+09	4.4800e+08	0.0000e+00	0.0000e+00	0.0000e+00	0.0000e+00	0.0000e+00	0.0000e+00	0.0000e+00	0.0000e+00
0.0000e+00	0.0000e+00	0.0000e+00	0.0000e+00	0.0000e+00	0.0000e+00	4.4800e+08	1.1200e+08	0.0000e+00	4.4800e+08	-4.4800e+08	1.1200e+08	0.0000e+00	0.0000e+00	0.0000e+00	0.0000e+00	0.0000e+00	0.0000e+00	0.0000e+00	0.0000e+00
0.0000e+00	0.0000e+00	0.0000e+00	0.0000e+00	0.0000e+00	0.0000e+00	0.0000e+00	0.0000e+00	-1.1947e+09	-4.4800e+08	2.3893e+09	0.0000e+00	-1.1947e+09	4.4800e+08	0.0000e+00	0.0000e+00	0.0000e+00	0.0000e+00	0.0000e+00	0.0000e+00
0.0000e+00	0.0000e+00	0.0000e+00	0.0000e+00	0.0000e+00	0.0000e+00	0.0000e+00	0.0000e+00	4.4800e+08	1.1200e+08	0.0000e+00	4.4800e+08	-4.4800e+08	1.1200e+08	0.0000e+00	0.0000e+00	0.0000e+00	0.0000e+00	0.0000e+00	0.0000e+00
0.0000e+00	0.0000e+00	0.0000e+00	0.0000e+00	0.0000e+00	0.0000e+00	0.0000e+00	0.0000e+00	0.0000e+00	0.0000e+00	-1.1947e+09	-4.4800e+08	2.3893e+09	0.0000e+00	-1.1947e+09	4.4800e+08	0.0000e+00	0.0000e+00	0.0000e+00	0.0000e+00
0.0000e+00	0.0000e+00	0.0000e+00	0.0000e+00	0.0000e+00	0.0000e+00	0.0000e+00	0.0000e+00	0.0000e+00	0.0000e+00	4.4800e+08	1.1200e+08	0.0000e+00	4.4800e+08	-4.4800e+08	1.1200e+08	0.0000e+00	0.0000e+00	0.0000e+00	0.0000e+00
0.0000e+00	0.0000e+00	0.0000e+00	0.0000e+00	0.0000e+00	0.0000e+00	0.0000e+00	0.0000e+00	0.0000e+00	0.0000e+00	0.0000e+00	0.0000e+00	-1.1947e+09	-4.4800e+08	2.3893e+09	0.0000e+00	-1.1947e+09	4.4800e+08	0.0000e+00	0.0000e+00
0.0000e+00	0.0000e+00	0.0000e+00	0.0000e+00	0.0000e+00	0.0000e+00	0.0000e+00	0.0000e+00	0.0000e+00	0.0000e+00	0.0000e+00	0.0000e+00	4.4800e+08	1.1200e+08	0.0000e+00	4.4800e+08	-4.4800e+08	1.1200e+08	0.0000e+00	0.0000e+00
0.0000e+00	0.0000e+00	0.0000e+00	0.0000e+00	0.0000e+00	0.0000e+00	0.0000e+00	0.0000e+00	0.0000e+00	0.0000e+00	0.0000e+00	0.0000e+00	0.0000e+00	0.0000e+00	-1.1947e+09	-4.4800e+08	1.1949e+09	-4.4800e+08	2.0000e+05	0.0000e+00
0.0000e+00	0.0000e+00	0.0000e+00	0.0000e+00	0.0000e+00	0.0000e+00	0.0000e+00	0.0000e+00	0.0000e+00	0.0000e+00	0.0000e+00	0.0000e+00	0.0000e+00	0.0000e+00	4.4800e+08	1.1200e+08	-4.4800e+08	2.2400e+08	0.0000e+00	0.0000e+00
0.0000e+00	0.0000e+00	0.0000e+00	0.0000e+00	0.0000e+00	0.0000e+00	0.0000e+00	0.0000e+00	0.0000e+00	0.0000e+00	0.0000e+00	0.0000e+00	0.0000e+00	0.0000e+00	0.0000e+00	0.0000e+00	2.0000e+05	0.0000e+00	2.0000e+05	0.0000e+00
0.0000e+00	0.0000e+00	0.0000e+00	0.0000e+00	0.0000e+00	0.0000e+00	0.0000e+00	0.0000e+00	0.0000e+00	0.0000e+00	0.0000e+00	0.0000e+00	0.0000e+00	0.0000e+00	0.0000e+00	0.0000e+00	0.0000e+00	0.0000e+00	0.0000e+00	0.0000e+00
