
 5 Elementos 
 

 
 Elemento 1 
1.4933e+08	1.1200e+08	-1.4933e+08	1.1200e+08
1.1200e+08	1.1200e+08	-1.1200e+08	5.6000e+07
-1.4933e+08	-1.1200e+08	1.4933e+08	-1.1200e+08
1.1200e+08	5.6000e+07	-1.1200e+08	1.1200e+08

 
 Elemento 2 
1.4933e+08	1.1200e+08	-1.4933e+08	1.1200e+08
1.1200e+08	1.1200e+08	-1.1200e+08	5.6000e+07
-1.4933e+08	-1.1200e+08	1.4933e+08	-1.1200e+08
1.1200e+08	5.6000e+07	-1.1200e+08	1.1200e+08

 
 Elemento 3 
1.4933e+08	1.1200e+08	-1.4933e+08	1.1200e+08
1.1200e+08	1.1200e+08	-1.1200e+08	5.6000e+07
-1.4933e+08	-1.1200e+08	1.4933e+08	-1.1200e+08
1.1200e+08	5.6000e+07	-1.1200e+08	1.1200e+08

 
 Elemento 4 
1.4933e+08	1.1200e+08	-1.4933e+08	1.1200e+08
1.1200e+08	1.1200e+08	-1.1200e+08	5.6000e+07
-1.4933e+08	-1.1200e+08	1.4933e+08	-1.1200e+08
1.1200e+08	5.6000e+07	-1.1200e+08	1.1200e+08

 
 Elemento 5 
2.0000e+05	0.0000e+00	2.0000e+05	0.0000e+00
0.0000e+00	0.0000e+00	0.0000e+00	0.0000e+00
2.0000e+05	0.0000e+00	2.0000e+05	0.0000e+00
0.0000e+00	0.0000e+00	0.0000e+00	0.0000e+00

 Matriz Global 
1.4933e+08	1.1200e+08	-1.4933e+08	1.1200e+08	0.0000e+00	0.0000e+00	0.0000e+00	0.0000e+00	0.0000e+00	0.0000e+00	0.0000e+00	0.0000e+00
1.1200e+08	1.1200e+08	-1.1200e+08	5.6000e+07	0.0000e+00	0.0000e+00	0.0000e+00	0.0000e+00	0.0000e+00	0.0000e+00	0.0000e+00	0.0000e+00
-1.4933e+08	-1.1200e+08	2.9867e+08	0.0000e+00	-1.4933e+08	1.1200e+08	0.0000e+00	0.0000e+00	0.0000e+00	0.0000e+00	0.0000e+00	0.0000e+00
1.1200e+08	5.6000e+07	0.0000e+00	2.2400e+08	-1.1200e+08	5.6000e+07	0.0000e+00	0.0000e+00	0.0000e+00	0.0000e+00	0.0000e+00	0.0000e+00
0.0000e+00	0.0000e+00	-1.4933e+08	-1.1200e+08	2.9867e+08	0.0000e+00	-1.4933e+08	1.1200e+08	0.0000e+00	0.0000e+00	0.0000e+00	0.0000e+00
0.0000e+00	0.0000e+00	1.1200e+08	5.6000e+07	0.0000e+00	2.2400e+08	-1.1200e+08	5.6000e+07	0.0000e+00	0.0000e+00	0.0000e+00	0.0000e+00
0.0000e+00	0.0000e+00	0.0000e+00	0.0000e+00	-1.4933e+08	-1.1200e+08	2.9867e+08	0.0000e+00	-1.4933e+08	1.1200e+08	0.0000e+00	0.0000e+00
0.0000e+00	0.0000e+00	0.0000e+00	0.0000e+00	1.1200e+08	5.6000e+07	0.0000e+00	2.2400e+08	-1.1200e+08	5.6000e+07	0.0000e+00	0.0000e+00
0.0000e+00	0.0000e+00	0.0000e+00	0.0000e+00	0.0000e+00	0.0000e+00	-1.4933e+08	-1.1200e+08	1.4953e+08	-1.1200e+08	2.0000e+05	0.0000e+00
0.0000e+00	0.0000e+00	0.0000e+00	0.0000e+00	0.0000e+00	0.0000e+00	1.1200e+08	5.6000e+07	-1.1200e+08	1.1200e+08	0.0000e+00	0.0000e+00
0.0000e+00	0.0000e+00	0.0000e+00	0.0000e+00	0.0000e+00	0.0000e+00	0.0000e+00	0.0000e+00	2.0000e+05	0.0000e+00	2.0000e+05	0.0000e+00
0.0000e+00	0.0000e+00	0.0000e+00	0.0000e+00	0.0000e+00	0.0000e+00	0.0000e+00	0.0000e+00	0.0000e+00	0.0000e+00	0.0000e+00	0.0000e+00
