 C = 
  0.1000E+01  0.0000E+00  0.0000E+00  0.0000E+00  0.0000E+00  0.0000E+00  0.0000E+00  0.0000E+00  0.0000E+00  0.0000E+00  0.0000E+00

  0.3824E+00  0.3084E+00  0.2501E+00  0.4782E-01  0.9143E-02  0.1748E-02  0.3342E-03  0.6389E-04  0.1220E-04  0.2250E-05  0.6576E-06

  0.7310E-01  0.2501E+00  0.3562E+00  0.2593E+00  0.4957E-01  0.9477E-02  0.1812E-02  0.3464E-03  0.6614E-04  0.1220E-04  0.3565E-05

  0.1398E-01  0.4782E-01  0.2593E+00  0.3579E+00  0.2596E+00  0.4963E-01  0.9489E-02  0.1814E-02  0.3464E-03  0.6389E-04  0.1867E-04

  0.2672E-02  0.9143E-02  0.4957E-01  0.2596E+00  0.3580E+00  0.2596E+00  0.4964E-01  0.9489E-02  0.1812E-02  0.3342E-03  0.9767E-04

  0.5109E-03  0.1748E-02  0.9477E-02  0.4963E-01  0.2596E+00  0.3580E+00  0.2596E+00  0.4963E-01  0.9477E-02  0.1748E-02  0.5109E-03

  0.9767E-04  0.3342E-03  0.1812E-02  0.9489E-02  0.4964E-01  0.2596E+00  0.3580E+00  0.2596E+00  0.4957E-01  0.9143E-02  0.2672E-02

  0.1867E-04  0.6389E-04  0.3464E-03  0.1814E-02  0.9489E-02  0.4963E-01  0.2596E+00  0.3579E+00  0.2593E+00  0.4782E-01  0.1398E-01

  0.3565E-05  0.1220E-04  0.6614E-04  0.3464E-03  0.1812E-02  0.9477E-02  0.4957E-01  0.2593E+00  0.3562E+00  0.2501E+00  0.7310E-01

  0.6576E-06  0.2250E-05  0.1220E-04  0.6389E-04  0.3342E-03  0.1748E-02  0.9143E-02  0.4782E-01  0.2501E+00  0.3084E+00  0.3824E+00

  0.0000E+00  0.0000E+00  0.0000E+00  0.0000E+00  0.0000E+00  0.0000E+00  0.0000E+00  0.0000E+00  0.0000E+00  0.0000E+00  0.1000E+01

