4.2889e+07 8.9443e+06 -1.7889e+07 -8.9443e+06 0.0000e+00 0.0000e+00 -2.5000e+07 3.0616e-09
8.9443e+06 4.4721e+06 -8.9443e+06 -4.4721e+06 0.0000e+00 0.0000e+00 3.0616e-09 0.0000e+00
-1.7889e+07 -8.9443e+06 3.5777e+07 5.5879e-09 -1.7889e+07 8.9443e+06 0.0000e+00 -6.1232e-09
-8.9443e+06 -4.4721e+06 5.5879e-09 1.0894e+08 8.9443e+06 -4.4721e+06 -6.1232e-09 -1.0000e+08
0.0000e+00 0.0000e+00 -1.7889e+07 8.9443e+06 4.2889e+07 -8.9443e+06 -2.5000e+07 3.0616e-09
0.0000e+00 0.0000e+00 8.9443e+06 -4.4721e+06 -8.9443e+06 4.4721e+06 3.0616e-09 0.0000e+00
-2.5000e+07 3.0616e-09 0.0000e+00 -6.1232e-09 -2.5000e+07 3.0616e-09 5.0000e+07 0.0000e+00
3.0616e-09 0.0000e+00 -6.1232e-09 -1.0000e+08 3.0616e-09 0.0000e+00 0.0000e+00 1.0000e+08
