4.5033e+07 9.3915e+06 -1.8783e+07 -9.3915e+06 -2.6250e+07 0.0000e+00 0.0000e+00 0.0000e+00
9.3915e+06 4.6957e+06 -9.3915e+06 -4.6957e+06 0.0000e+00 0.0000e+00 0.0000e+00 0.0000e+00
-1.8783e+07 -9.3915e+06 5.6349e+07 -9.3915e+06 0.0000e+00 0.0000e+00 -3.7566e+07 1.8783e+07
-9.3915e+06 -4.6957e+06 -9.3915e+06 6.6587e+07 0.0000e+00 -5.2500e+07 1.8783e+07 -9.3915e+06
-2.6250e+07 0.0000e+00 0.0000e+00 0.0000e+00 2.6250e+07 0.0000e+00 0.0000e+00 0.0000e+00
0.0000e+00 0.0000e+00 0.0000e+00 -5.2500e+07 0.0000e+00 5.2500e+07 0.0000e+00 0.0000e+00
0.0000e+00 0.0000e+00 -3.7566e+07 1.8783e+07 0.0000e+00 0.0000e+00 3.7566e+07 -1.8783e+07
0.0000e+00 0.0000e+00 1.8783e+07 -9.3915e+06 0.0000e+00 0.0000e+00 -1.8783e+07 9.3915e+06
