
Elemento 0
========
[[ 18782971.01   9391485.51 -18782971.01  -9391485.51]
 [  9391485.51   4695742.75  -9391485.51  -4695742.75]
 [-18782971.01  -9391485.51  18782971.01   9391485.51]
 [ -9391485.51  -4695742.75   9391485.51   4695742.75]]

Elemento 1
========
[[ 26250000.         0. -26250000.         0.]
 [        0.         0.         0.         0.]
 [-26250000.         0.  26250000.         0.]
 [        0.         0.         0.         0.]]

Elemento 2
========
[[        0.         0.         0.         0.]
 [        0.  52500000.         0. -52500000.]
 [        0.         0.         0.         0.]
 [        0. -52500000.         0.  52500000.]]

Elemento 3
========
[[ 18782971.01  -9391485.51 -18782971.01   9391485.51]
 [ -9391485.51   4695742.75   9391485.51  -4695742.75]
 [-18782971.01   9391485.51  18782971.01  -9391485.51]
 [  9391485.51  -4695742.75  -9391485.51   4695742.75]]

Elemento 4
========
[[ 26250000.         0. -26250000.         0.]
 [        0.         0.         0.         0.]
 [-26250000.         0.  26250000.         0.]
 [        0.         0.         0.         0.]]
