Elemento 0, scale = 1.878297e+07, size = 4
[[ 1.    0.5  -1.   -0.5 ]
 [ 0.5   0.25 -0.5  -0.25]
 [-1.   -0.5   1.    0.5 ]
 [-0.5  -0.25  0.5   0.25]]
Elemento 1, scale = 2.625000e+07, size = 4
[[ 1.  0. -1.  0.]
 [ 0.  0.  0.  0.]
 [-1.  0.  1.  0.]
 [ 0.  0.  0.  0.]]
Elemento 2, scale = 1.050000e+08, size = 4
[[ 0.  0.  0.  0.]
 [ 0.  1.  0. -1.]
 [ 0.  0.  0.  0.]
 [ 0. -1.  0.  1.]]
Elemento 3, scale = 1.878297e+07, size = 4
[[ 1.   -0.5  -1.    0.5 ]
 [-0.5   0.25  0.5  -0.25]
 [-1.    0.5   1.   -0.5 ]
 [ 0.5  -0.25 -0.5   0.25]]
Elemento 4, scale = 2.625000e+07, size = 4
[[ 1.  0. -1.  0.]
 [ 0.  0.  0.  0.]
 [-1.  0.  1.  0.]
 [ 0.  0.  0.  0.]]


Matriz Global , scale factor = 1.143915e+08
[[ 0.39367415  0.08209952 -0.16419903 -0.08209952  0.          0.
  -0.22947512  0.        ]
 [ 0.08209952  0.04104976 -0.08209952 -0.04104976  0.          0.
   0.          0.        ]
 [-0.16419903 -0.08209952  0.32839806  0.         -0.16419903  0.08209952
   0.          0.        ]
 [-0.08209952 -0.04104976  0.          1.          0.08209952 -0.04104976
   0.         -0.91790048]
 [ 0.          0.         -0.16419903  0.08209952  0.39367415 -0.08209952
  -0.22947512  0.        ]
 [ 0.          0.          0.08209952 -0.04104976 -0.08209952  0.04104976
   0.          0.        ]
 [-0.22947512  0.          0.          0.         -0.22947512  0.
   0.45895024  0.        ]
 [ 0.          0.          0.         -0.91790048  0.          0.
   0.          0.91790048]]

 su determinante: 0.000000e+00