yteox =

    2.0000    6.1946   14.8439   33.6772   75.3390

    tiempo    euler  Heunn   R-K(4)  Teórica  
=========================================
    0.00000    2.00000    2.00000    2.00000    2.00000
    1.00000    5.00000    6.70108    6.20104    6.19463
    2.00000   11.40216   16.31978   14.86248   14.84392
    3.00000   25.51321   37.19925   33.72135   33.67717
    4.00000   56.84931   83.33777   75.43917   75.33896
