
 Elemento 1 
33.703 -17.166 -0.72635 4.2402 -32.976 12.926
-17.166 38.217 6.2402 -28.328 10.926 -9.8886
-0.72635 6.2402 16.632 8.2453 -15.905 -14.486
4.2402 -28.328 8.2453 35.652 -12.486 -7.3234
-32.976 10.926 -15.905 -12.486 48.881 1.5596
12.926 -9.8886 -14.486 -7.3234 1.5596 17.212

 Elemento 2 
20.128 0 -4.1663 -14 -15.961 14
0 57.507 -12 -11.904 12 -45.604
-4.1663 -12 28.685 5.3819 -24.519 6.6181
-14 -11.904 5.3819 12.202 8.6181 -0.29817
-15.961 12 -24.519 8.6181 40.48 -20.618
14 -45.604 6.6181 -0.29817 -20.618 45.902

 Elemento 3 
13.888 0 -10.941 -14 -2.9466 14
0 39.679 -12 -31.26 12 -8.4187
-10.941 -12 48.943 20.484 -38.002 -8.4836
-14 -31.26 20.484 38.741 -6.4836 -7.4807
-2.9466 12 -38.002 -6.4836 40.949 -5.5164
14 -8.4187 -8.4836 -7.4807 -5.5164 15.899

 Elemento 4 
39.694 16.613 -35.816 -7.5687 -3.8783 -9.0441
16.613 31.42 -5.5687 -5.7504 -11.044 -25.67
-35.816 -5.5687 46.424 -7.5756 -10.608 13.144
-7.5687 -5.7504 -7.5756 18.875 15.144 -13.125
-3.8783 -11.044 -10.608 15.144 14.487 -4.1002
-9.0441 -25.67 13.144 -13.125 -4.1002 38.795

 Elemento 5 
22.173 12.021 -15.216 -11.351 -6.9577 -0.67003
12.021 40.051 -9.3506 1.7914 -2.67 -41.842
-15.216 -9.3506 35.697 -5.1466 -20.481 14.497
-11.351 1.7914 -5.1466 14.062 16.497 -15.854
-6.9577 -2.67 -20.481 16.497 27.439 -13.827
-0.67003 -41.842 14.497 -15.854 -13.827 57.696

 Elemento 6 
34.421 -15.203 13.182 0.9078 -47.603 14.295
-15.203 29.539 2.9078 -12.538 12.295 -17.001
13.182 2.9078 21.317 10.877 -34.499 -13.784
0.9078 -12.538 10.877 24.28 -11.784 -11.742
-47.603 12.295 -34.499 -11.784 82.102 -0.51089
14.295 -17.001 -13.784 -11.742 -0.51089 28.742

 Elemento 7 
44.142 17.832 -33.769 -5.8322 -10.373 -12
17.832 33.286 -3.8322 -3.6497 -14 -29.636
-33.769 -3.8322 38.52 -8.1678 -4.751 12
-5.8322 -3.6497 -8.1678 17.224 14 -13.574
-10.373 -14 -4.751 14 15.124 0
-12 -29.636 12 -13.574 0 43.211

 Elemento 8 
16.868 0 -0.57223 -14 -16.296 14
0 48.195 -12 -1.6349 12 -46.56
-0.57223 -12 33.218 0.88201 -32.646 11.118
-14 -1.6349 0.88201 11.675 13.118 -10.04
-16.296 12 -32.646 13.118 48.942 -25.118
14 -46.56 11.118 -10.04 -25.118 56.6

 Elemento 9 
48.141 -24.707 -24.092 16.001 -24.049 8.7062
-24.707 55.674 18.001 -55.576 6.7062 -0.098582
-24.092 18.001 23.689 -4.8582 0.40285 -13.143
16.001 -55.576 -4.8582 65.536 -11.143 -9.9601
-24.049 6.7062 0.40285 -11.143 23.647 4.4366
8.7062 -0.098582 -13.143 -9.9601 4.4366 10.059

 Elemento 10 
15.313 3.9689 -9.889 -15.025 -5.4239 11.056
3.9689 41.48 -13.025 -12.792 9.0563 -28.688
-9.889 -13.025 42.957 6.9811 -33.068 6.0441
-15.025 -12.792 6.9811 17.445 8.0441 -4.6533
-5.4239 9.0563 -33.068 8.0441 38.492 -17.1
11.056 -28.688 6.0441 -4.6533 -17.1 33.342

 Elemento 11 
44.94 0 -5.8491 12 -39.091 -12
0 15.729 14 -2.0472 -14 -13.682
-5.8491 14 13.222 -3.384 -7.3734 -10.616
12 -2.0472 -3.384 35.87 -8.616 -33.823
-39.091 -14 -7.3734 -8.616 46.464 22.616
-12 -13.682 -10.616 -33.823 22.616 47.504

 Elemento 12 
44.997 21.902 -30.671 -9.902 -14.326 -12
21.902 46.004 -7.902 -5.0739 -14 -40.931
-30.671 -7.902 33.352 -4.098 -2.6805 12
-9.902 -5.0739 -4.098 12.732 14 -7.6584
-14.326 -14 -2.6805 14 17.006 0
-12 -40.931 12 -7.6584 0 48.589

 Elemento 13 
39.556 10.468 -33.481 1.5323 -6.0754 -12
10.468 19.977 3.5323 -2.6187 -14 -17.358
-33.481 3.5323 42.495 -15.532 -9.0149 12
1.5323 -2.6187 -15.532 28.376 14 -25.757
-6.0754 -14 -9.0149 14 15.09 0
-12 -17.358 12 -25.757 0 43.115

 Elemento 14 
48.082 -2.4833 -35.251 13.763 -12.832 -11.28
-2.4833 17.096 15.763 -15.322 -13.28 -1.7734
-35.251 15.763 37.49 -19.71 -2.2393 3.9472
13.763 -15.322 -19.71 46.489 5.9472 -31.167
-12.832 -13.28 -2.2393 5.9472 15.071 7.3325
-11.28 -1.7734 3.9472 -31.167 7.3325 32.941

 Elemento 15 
33.063 3.2139 -21.404 9.7143 -11.659 -12.928
3.2139 12.226 11.714 -2.6654 -14.928 -9.5606
-21.404 11.714 30.793 -16.865 -9.3897 5.151
9.7143 -2.6654 -16.865 46.385 7.151 -43.72
-11.659 -14.928 -9.3897 7.151 21.049 7.7772
-12.928 -9.5606 5.151 -43.72 7.7772 53.28

 Elemento 16 
26.873 -14.718 -1.0035 0.55791 -25.869 14.16
-14.718 40.479 2.5579 -31.087 12.16 -9.3923
-1.0035 2.5579 20.876 11.318 -19.873 -13.876
0.55791 -31.087 11.318 37.708 -11.876 -6.6211
-25.869 12.16 -19.873 -11.876 45.742 -0.28464
14.16 -9.3923 -13.876 -6.6211 -0.28464 16.013

 Elemento 17 
23.163 10.685 -25.113 -5.5266 1.9501 -5.1589
10.685 21.378 -3.5266 1.7339 -7.1589 -23.112
-25.113 -3.5266 51.404 -13.898 -26.291 17.425
-5.5266 1.7339 -13.898 26.336 19.425 -28.07
1.9501 -7.1589 -26.291 19.425 24.341 -12.266
-5.1589 -23.112 17.425 -28.07 -12.266 51.182

 Elemento 18 
44.577 -12.052 -11.719 13.485 -32.858 -1.4324
-12.052 22.839 15.485 -20.604 -3.4324 -2.2344
-11.719 15.485 15.643 -3.3862 -3.9246 -12.099
13.485 -20.604 -3.3862 43.108 -10.099 -22.504
-32.858 -3.4324 -3.9246 -10.099 36.783 13.531
-1.4324 -2.2344 -12.099 -22.504 13.531 24.739

 Elemento 19 
16.868 0 -17.44 -14 0.57223 14
0 48.195 -12 -49.83 12 1.6349
-17.44 -12 51.231 26.882 -33.79 -14.882
-14 -49.83 26.882 63.14 -12.882 -13.31
0.57223 12 -33.79 -12.882 33.218 0.88201
14 1.6349 -14.882 -13.31 0.88201 11.675

 Elemento 20 
17.66 -3.6218 -10.157 -10.977 -7.5034 14.599
-3.6218 48.857 -8.9771 -39.173 12.599 -9.6835
-10.157 -8.9771 37.551 19.177 -27.395 -10.2
-10.977 -39.173 19.177 42.871 -8.2002 -3.6978
-7.5034 12.599 -27.395 -8.2002 34.898 -4.3987
14.599 -9.6835 -10.2 -3.6978 -4.3987 13.381

 Elemento 21 
32.057 16.371 -22.519 -7.7104 -9.5377 -8.661
16.371 36.598 -5.7104 1.8682 -10.661 -38.467
-22.519 -5.7104 33.288 -7.5724 -10.769 13.283
-7.7104 1.8682 -7.5724 15.397 15.283 -17.265
-9.5377 -10.661 -10.769 15.283 20.307 -4.6218
-8.661 -38.467 13.283 -17.265 -4.6218 55.731

 Elemento 22 
18.884 -4.7365 -9.9507 -10.07 -8.9331 14.806
-4.7365 51.342 -8.07 -40.599 12.806 -10.743
-9.9507 -8.07 34.899 18.312 -24.948 -10.242
-10.07 -40.599 18.312 43.011 -8.2422 -2.412
-8.9331 12.806 -24.948 -8.2422 33.881 -4.5643
14.806 -10.743 -10.242 -2.412 -4.5643 13.155

 Elemento 23 
36.408 -8.2821 -11.447 13.437 -24.961 -5.1549
-8.2821 16.84 15.437 -17.579 -7.1549 0.73882
-11.447 15.437 18.98 -4.7607 -7.5331 -10.676
13.437 -17.579 -4.7607 51.604 -8.6764 -34.026
-24.961 -7.1549 -7.5331 -8.6764 32.494 15.831
-5.1549 0.73882 -10.676 -34.026 15.831 33.287

 Elemento 24 
17.475 4.8419 -11.301 -15.356 -6.174 10.515
4.8419 46.937 -13.356 -15.391 8.5145 -31.546
-11.301 -13.356 39.354 7.6637 -28.054 5.6927
-15.356 -15.391 7.6637 16.978 7.6927 -1.5869
-6.174 8.5145 -28.054 7.6927 34.228 -16.207
10.515 -31.546 5.6927 -1.5869 -16.207 33.133

 Elemento 25 
52.536 10.037 -36.677 4.1816 -15.859 -14.218
10.037 22.498 6.1816 -5.3904 -16.218 -17.108
-36.677 6.1816 36.265 -14.163 0.41215 7.9815
4.1816 -5.3904 -14.163 26.182 9.9815 -20.792
-15.859 -16.218 0.41215 9.9815 15.447 6.2367
-14.218 -17.108 7.9815 -20.792 6.2367 37.9

 Elemento 26 
15.111 0 -11.414 -14 -3.6969 14
0 43.174 -12 -32.612 12 -10.562
-11.414 -12 45.681 19.639 -34.267 -7.6391
-14 -32.612 19.639 37.604 -5.6391 -4.9924
-3.6969 12 -34.267 -5.6391 37.964 -6.3609
14 -10.562 -7.6391 -4.9924 -6.3609 15.555

 Elemento 27 
18.795 -5.5022 -2.8622 -11.163 -15.933 16.665
-5.5022 50.077 -9.1625 -23.434 14.665 -26.643
-2.8622 -9.1625 30.23 11.945 -27.368 -2.7824
-11.163 -23.434 11.945 22.149 -0.78242 1.285
-15.933 14.665 -27.368 -0.78242 43.301 -13.882
16.665 -26.643 -2.7824 1.285 -13.882 25.358

 Elemento 28 
36.677 -13.676 -5.6195 10.642 -31.057 3.0344
-13.676 25.051 12.642 -23.974 1.0344 -1.077
-5.6195 12.642 16.129 2.447 -10.51 -15.089
10.642 -23.974 2.447 45.298 -13.089 -21.324
-31.057 1.0344 -10.51 -13.089 41.567 12.055
3.0344 -1.077 -15.089 -21.324 12.055 22.401

 Elemento 29 
43.128 -13.827 -4.103 10.872 -39.025 2.9547
-13.827 25.256 12.872 -19.715 0.95474 -5.5414
-4.103 12.872 13.375 2.0291 -9.2719 -14.901
10.872 -19.715 2.0291 37.562 -12.901 -17.847
-39.025 0.95474 -9.2719 -12.901 48.297 11.946
2.9547 -5.5414 -14.901 -17.847 11.946 23.388

 Elemento 30 
21.297 -9.9041 -5.4778 8.4675 -15.819 1.4366
-9.9041 19.94 10.468 -30.242 -0.56342 10.302
-5.4778 10.468 27.704 8.0134 -22.226 -18.481
8.4675 -30.242 8.0134 73.95 -16.481 -43.709
-15.819 -0.56342 -22.226 -16.481 38.045 17.044
1.4366 10.302 -18.481 -43.709 17.044 33.407

 Elemento 31 
17.981 9.1863 -11.333 -11.568 -6.6475 2.3818
9.1863 37.118 -9.5681 4.1935 0.38184 -41.311
-11.333 -9.5681 38.288 -6.2391 -26.955 15.807
-11.568 4.1935 -6.2391 15.561 17.807 -19.754
-6.6475 0.38184 -26.955 17.807 33.602 -18.189
2.3818 -41.311 15.807 -19.754 -18.189 61.066

 Elemento 32 
34.253 -14.719 -7.3768 10.269 -26.876 4.4497
-14.719 28.176 12.269 -29.272 2.4497 1.0966
-7.3768 12.269 17.938 2.8542 -10.561 -15.123
10.269 -29.272 2.8542 50.287 -13.123 -21.015
-26.876 2.4497 -10.561 -13.123 37.437 10.673
4.4497 1.0966 -15.123 -21.015 10.673 19.918

 Elemento 33 
33.731 -12.327 5.6117 6.655 -39.343 5.6724
-12.327 22.52 8.655 -15.988 3.6724 -6.532
5.6117 8.655 17.536 8.9557 -23.147 -17.611
6.655 -15.988 8.9557 36.217 -15.611 -20.229
-39.343 3.6724 -23.147 -15.611 62.49 11.938
5.6724 -6.532 -17.611 -20.229 11.938 26.761

 Elemento 34 
42.963 0 -15.562 12 -27.402 -12
0 15.037 14 -5.4466 -14 -9.5905
-15.562 14 18.671 -9.4174 -3.1094 -4.5826
12 -5.4466 -9.4174 39.214 -2.5826 -33.767
-27.402 -14 -3.1094 -2.5826 30.511 16.583
-12 -9.5905 -4.5826 -33.767 16.583 43.358

 Elemento 35 
51.413 5.1222 -30.608 8.735 -20.805 -13.857
5.1222 19.063 10.735 -5.9691 -15.857 -13.094
-30.608 10.735 29.114 -14.492 1.4937 3.7568
8.735 -5.9691 -14.492 31.245 5.7568 -25.276
-20.805 -15.857 1.4937 5.7568 19.311 10.1
-13.857 -13.094 3.7568 -25.276 10.1 38.37

 Elemento 36 
32.669 -15.469 1.1369 5.0527 -33.806 10.416
-15.469 31.624 7.0527 -24.469 8.4164 -7.1549
1.1369 7.0527 17.181 8.5567 -18.318 -15.609
5.0527 -24.469 8.5567 36.641 -13.609 -12.172
-33.806 8.4164 -18.318 -13.609 52.124 5.193
10.416 -7.1549 -15.609 -12.172 5.193 19.327

 Elemento 37 
38.178 -14.91 -4.4862 9.8946 -33.692 5.0156
-14.91 27.563 11.895 -24.328 3.0156 -3.2349
-4.4862 11.895 15.195 3.3741 -10.709 -15.269
9.8946 -24.328 3.3741 41.79 -13.269 -17.462
-33.692 3.0156 -10.709 -13.269 44.401 10.253
5.0156 -3.2349 -15.269 -17.462 10.253 20.697

 Elemento 38 
49.325 -10.688 -16.751 14.576 -32.574 -3.8876
-10.688 22.277 16.576 -19.267 -5.8876 -3.0105
-16.751 16.576 17.042 -6.8864 -0.29102 -9.6893
14.576 -19.267 -6.8864 41.801 -7.6893 -22.534
-32.574 -5.8876 -0.29102 -7.6893 32.865 13.577
-3.8876 -3.0105 -9.6893 -22.534 13.577 25.545

 Elemento 39 
43.598 12.227 -22.169 3.9609 -21.429 -16.188
12.227 22.918 5.9609 3.4911 -18.188 -26.409
-22.169 5.9609 24.117 -11.809 -1.9483 5.8479
3.9609 3.4911 -11.809 24.967 7.8479 -28.458
-21.429 -18.188 -1.9483 7.8479 23.377 10.34
-16.188 -26.409 5.8479 -28.458 10.34 54.867

 Elemento 40 
45.421 11.635 -23.497 4.4814 -21.924 -16.116
11.635 22.466 6.4814 2.2106 -18.116 -24.677
-23.497 6.4814 24.484 -11.943 -0.98751 5.4615
4.4814 2.2106 -11.943 25.144 7.4615 -27.354
-21.924 -18.116 -0.98751 7.4615 22.912 10.655
-16.116 -24.677 5.4615 -27.354 10.655 52.031

 Elemento 41 
23.541 -11.818 -4.3931 -4.0733 -19.148 15.891
-11.818 49.732 -2.0733 -36.39 13.891 -13.342
-4.3931 -2.0733 24.608 13.501 -20.215 -11.428
-4.0733 -36.39 13.501 37.887 -9.4276 -1.4974
-19.148 13.891 -20.215 -9.4276 39.363 -4.4638
15.891 -13.342 -11.428 -1.4974 -4.4638 14.84

 Elemento 42 
24.806 -13.04 -0.2783 2.923 -24.528 10.117
-13.04 30.745 4.923 -28.73 8.1167 -2.0144
-0.2783 4.923 22.578 11.78 -22.3 -16.703
2.923 -28.73 11.78 45.062 -14.703 -16.332
-24.528 8.1167 -22.3 -14.703 46.828 6.5865
10.117 -2.0144 -16.703 -16.332 6.5865 18.346

 Elemento 43 
24.746 12.926 -23.628 -17.368 -1.1178 4.4419
12.926 49.289 -15.368 -18.856 2.4419 -30.433
-23.628 -15.368 45.191 7.6522 -21.562 7.7159
-17.368 -18.856 7.6522 18.575 9.7159 0.28088
-1.1178 2.4419 -21.562 9.7159 22.68 -12.158
4.4419 -30.433 7.7159 0.28088 -12.158 30.152

 Elemento 44 
13.82 3.2301 -8.8683 -14.837 -4.9515 11.607
3.2301 37.839 -12.837 -11.66 9.6073 -26.179
-8.8683 -12.837 46.212 6.9581 -37.344 5.8794
-14.837 -11.66 6.9581 18.393 7.8794 -6.7325
-4.9515 9.6073 -37.344 7.8794 42.296 -17.487
11.607 -26.179 5.8794 -6.7325 -17.487 32.911

 Elemento 45 
32.253 -17.188 4.1494 -0.055114 -36.402 17.243
-17.188 41.904 1.9449 -23.386 15.243 -18.517
4.1494 1.9449 17.897 9.7806 -22.046 -11.725
-0.055114 -23.386 9.7806 26.416 -9.7254 -3.0296
-36.402 15.243 -22.046 -9.7254 58.448 -5.5176
17.243 -18.517 -11.725 -3.0296 -5.5176 21.547

 Elemento 46 
33.353 -9.6539 5.6494 8.4139 -39.002 1.24
-9.6539 17.948 10.414 -12.59 -0.76003 -5.3577
5.6494 10.414 17.747 8.326 -23.397 -18.74
8.4139 -12.59 8.326 40.033 -16.74 -27.443
-39.002 -0.76003 -23.397 -16.74 62.399 17.5
1.24 -5.3577 -18.74 -27.443 17.5 32.801

 Elemento 47 
28.719 10.358 -19.863 1.6424 -8.8559 -12
10.358 18.897 3.6424 6.406 -14 -25.303
-19.863 3.6424 33.237 -15.642 -13.374 12
1.6424 6.406 -15.642 31.807 14 -38.213
-8.8559 -14 -13.374 14 22.23 0
-12 -25.303 12 -38.213 0 63.515

 Elemento 48 
30.91 9.7726 -15.274 4.802 -15.636 -14.575
9.7726 17.879 6.802 8.238 -16.575 -26.117
-15.274 6.802 25.665 -13.848 -10.391 7.0465
4.802 8.238 -13.848 35.118 9.0465 -43.356
-15.636 -16.575 -10.391 9.0465 26.027 7.5282
-14.575 -26.117 7.0465 -43.356 7.5282 69.473

 Elemento 49 
13.713 4.2531 -10.131 -14.872 -3.5826 10.619
4.2531 36.179 -12.872 -9.9789 8.6189 -26.2
-10.131 -12.872 48.321 5.5092 -38.19 7.3628
-14.872 -9.9789 5.5092 18.231 9.3628 -8.2523
-3.5826 8.6189 -38.19 9.3628 41.773 -17.982
10.619 -26.2 7.3628 -8.2523 -17.982 34.452

 Elemento 50 
18.551 -5.2504 -9.3722 -9.4891 -9.1783 14.74
-5.2504 49.678 -7.4891 -40.382 12.74 -9.2953
-9.3722 -7.4891 34.923 18.462 -25.551 -10.973
-9.4891 -40.382 18.462 44.099 -8.9731 -3.7167
-9.1783 12.74 -25.551 -8.9731 34.729 -3.7664
14.74 -9.2953 -10.973 -3.7167 -3.7664 13.012

 Elemento 51 
36.432 -3.9512 -4.9538 12.281 -31.478 -8.3302
-3.9512 13.65 14.281 -7.7125 -10.33 -5.9377
-4.9538 14.281 16.045 -1.8718 -11.091 -12.41
12.281 -7.7125 -1.8718 45.383 -10.41 -37.67
-31.478 -10.33 -11.091 -10.41 42.569 20.74
-8.3302 -5.9377 -12.41 -37.67 20.74 43.608

 Elemento 52 
18.75 -9.9141 6.6766 -1.0048 -25.426 10.919
-9.9141 23.692 0.99523 -20.117 8.9188 -3.5754
6.6766 0.99523 32.245 17.047 -38.921 -18.042
-1.0048 -20.117 17.047 40.717 -16.042 -20.601
-25.426 8.9188 -38.921 -16.042 64.348 7.1229
10.919 -3.5754 -18.042 -20.601 7.1229 24.176

 Elemento 53 
49.49 6.961 -32.642 6.9755 -16.848 -13.936
6.961 19.39 8.9755 -5.1932 -15.936 -14.196
-32.642 8.9755 32.845 -15.14 -0.20286 6.1649
6.9755 -5.1932 -15.14 30.273 8.1649 -25.079
-16.848 -15.936 -0.20286 8.1649 17.051 7.7716
-13.936 -14.196 6.1649 -25.079 7.7716 39.276

 Elemento 54 
45.594 20.426 -41.71 -12.163 -3.8836 -8.2634
20.426 40.035 -10.163 -12.433 -10.263 -27.602
-41.71 -10.163 50.44 -2.1733 -8.7295 12.336
-12.163 -12.433 -2.1733 17.849 14.336 -5.4158
-3.8836 -10.263 -8.7295 14.336 12.613 -4.0726
-8.2634 -27.602 12.336 -5.4158 -4.0726 33.018

 Elemento 55 
24.187 12.707 -29.483 -12.69 5.2965 -0.017088
12.707 29.923 -10.69 -8.1062 -2.0171 -21.817
-29.483 -10.69 59.093 -2.5462 -29.61 13.236
-12.69 -8.1062 -2.5462 20.911 15.236 -12.804
5.2965 -2.0171 -29.61 15.236 24.313 -13.219
-0.017088 -21.817 13.236 -12.804 -13.219 34.621

 Elemento 56 
55.121 6.1016 -32.944 8.0867 -22.178 -14.188
6.1016 20.71 10.087 -6.3999 -16.188 -14.31
-32.944 10.087 29.848 -14.165 3.0952 4.0788
8.0867 -6.3999 -14.165 29.018 6.0788 -22.618
-22.178 -16.188 3.0952 6.0788 19.082 10.109
-14.188 -14.31 4.0788 -22.618 10.109 36.928

 Elemento 57 
21.806 -10.516 2.8202 -8.5868 -24.627 19.103
-10.516 48.062 -6.5868 -19.825 17.103 -28.237
2.8202 -6.5868 26.045 10.597 -28.865 -4.0106
-8.5868 -19.825 10.597 19.829 -2.0106 -0.0043551
-24.627 17.103 -28.865 -2.0106 53.492 -15.092
19.103 -28.237 -4.0106 -0.0043551 -15.092 28.241

 Elemento 58 
15.493 -6.2603 -0.089517 -9.7707 -15.403 16.031
-6.2603 38.001 -7.7707 -22.04 14.031 -15.961
-0.089517 -7.7707 36.147 14.708 -36.057 -6.9368
-9.7707 -22.04 14.708 27.52 -4.9368 -5.4797
-15.403 14.031 -36.057 -4.9368 51.46 -9.0942
16.031 -15.961 -6.9368 -5.4797 -9.0942 21.44

 Elemento 59 
16.399 -6.9451 -0.57826 -9.0352 -15.821 15.98
-6.9451 39.391 -7.0352 -24.258 13.98 -15.132
-0.57826 -7.0352 34.169 15.037 -33.59 -8.0021
-9.0352 -24.258 15.037 29.156 -6.0021 -4.8974
-15.821 13.98 -33.59 -6.0021 49.411 -7.9782
15.98 -15.132 -8.0021 -4.8974 -7.9782 20.03

 Elemento 60 
61.851 9.1213 -21.291 8.383 -40.56 -17.504
9.1213 24.494 10.383 -0.46781 -19.504 -24.026
-21.291 10.383 16.383 -8.8758 4.9078 -1.5073
8.383 -0.46781 -8.8758 22.872 0.49273 -22.404
-40.56 -19.504 4.9078 0.49273 35.652 19.012
-17.504 -24.026 -1.5073 -22.404 19.012 46.43

 Elemento 61 
25.349 10.386 -11.362 3.0038 -13.987 -13.39
10.386 19.482 5.0038 13.394 -15.39 -32.876
-11.362 5.0038 27.184 -14.728 -15.823 9.724
3.0038 13.394 -14.728 37.952 11.724 -51.346
-13.987 -15.39 -15.823 11.724 29.81 3.6663
-13.39 -32.876 9.724 -51.346 3.6663 84.222

 Elemento 62 
22.761 12.137 -23.606 -10.463 0.84484 -1.6738
12.137 29.641 -8.4634 -1.9461 -3.6738 -27.695
-23.606 -8.4634 49.086 -6.5456 -25.48 15.009
-10.463 -1.9461 -6.5456 19.02 17.009 -17.074
0.84484 -3.6738 -25.48 17.009 24.635 -13.335
-1.6738 -27.695 15.009 -17.074 -13.335 44.769

 Elemento 63 
59.362 0 -26.633 12 -32.73 -12
0 20.777 14 -9.3214 -14 -11.455
-26.633 14 21.382 -11.665 5.2504 -2.3352
12 -9.3214 -11.665 31.135 -0.33523 -21.814
-32.73 -14 5.2504 -0.33523 27.479 14.335
-12 -11.455 -2.3352 -21.814 14.335 33.269

 Elemento 64 
45.606 23.791 -28.496 -11.791 -17.11 -12
23.791 55.215 -9.7915 -6.3299 -14 -48.885
-28.496 -9.7915 30.084 -2.2085 -1.5883 12
-11.791 -6.3299 -2.2085 10.868 14 -4.5379
-17.11 -14 -1.5883 14 18.698 0
-12 -48.885 12 -4.5379 0 53.423

 Elemento 65 
36.597 4.9341 -20.771 8.8021 -15.827 -13.736
4.9341 14.212 10.802 -0.78555 -15.736 -13.427
-20.771 10.802 27.09 -14.779 -6.3195 3.9766
8.8021 -0.78555 -14.779 39.447 5.9766 -38.661
-15.827 -15.736 -6.3195 5.9766 22.146 9.7596
-13.736 -13.427 3.9766 -38.661 9.7596 52.088

 Elemento 66 
22.518 2.7694 -17.679 -15.844 -4.8388 13.075
2.7694 63.62 -13.844 -43.307 11.075 -20.313
-17.679 -13.844 38.749 18.543 -21.07 -4.6988
-15.844 -43.307 18.543 38.282 -2.6988 5.0249
-4.8388 11.075 -21.07 -2.6988 25.909 -8.3761
13.075 -20.313 -4.6988 5.0249 -8.3761 15.288

 Elemento 67 
57.216 10.404 -28.164 6.1459 -29.052 -16.55
10.404 24.069 8.1459 -2.0285 -18.55 -22.04
-28.164 8.1459 23.651 -11.336 4.5133 3.1897
6.1459 -2.0285 -11.336 23.437 5.1897 -21.409
-29.052 -18.55 4.5133 5.1897 24.539 13.36
-16.55 -22.04 3.1897 -21.409 13.36 43.449

 Elemento 68 
43.539 11.869 -17.654 5.4742 -25.885 -17.343
11.869 22.432 7.4742 5.6243 -19.343 -28.057
-17.654 7.4742 20.02 -10.708 -2.3662 3.2335
5.4742 5.6243 -10.708 26.374 5.2335 -31.999
-25.885 -19.343 -2.3662 5.2335 28.251 14.109
-17.343 -28.057 3.2335 -31.999 14.109 60.055

 Elemento 69 
26.914 0 -15.203 -14 -11.712 14
0 76.898 -12 -43.436 12 -33.462
-15.203 -12 29.394 14.686 -14.191 -2.6861
-14 -43.436 14.686 31.817 -0.68613 11.619
-11.712 12 -14.191 -0.68613 25.903 -11.314
14 -33.462 -2.6861 11.619 -11.314 21.843

 Elemento 70 
20.076 -10.407 1.0833 -5.8631 -21.159 16.271
-10.407 40.52 -3.8631 -25.807 14.271 -14.713
1.0833 -3.8631 27.953 13.966 -29.036 -10.103
-5.8631 -25.807 13.966 30.257 -8.1029 -4.4496
-21.159 14.271 -29.036 -8.1029 50.195 -6.1676
16.271 -14.713 -10.103 -4.4496 -6.1676 19.162

 Elemento 71 
18.271 0 -4.6261 -14 -13.644 14
0 52.201 -12 -13.217 12 -38.984
-4.6261 -12 31.822 6.5832 -27.196 5.4168
-14 -13.217 6.5832 14.074 7.4168 -0.85688
-13.644 12 -27.196 7.4168 40.84 -19.417
14 -38.984 5.4168 -0.85688 -19.417 39.841

 Elemento 72 
24.783 -12.749 -3.1895 -3.9203 -21.593 16.669
-12.749 50.641 -1.9203 -34.297 14.669 -16.345
-3.1895 -1.9203 23.007 12.587 -19.817 -10.667
-3.9203 -34.297 12.587 34.285 -8.6666 0.011269
-21.593 14.669 -19.817 -8.6666 41.411 -6.0028
16.669 -16.345 -10.667 0.011269 -6.0028 16.334

 Elemento 73 
33.524 -15.938 7.5189 1.9383 -41.042 14
-15.938 32.703 3.9383 -18.339 12 -14.365
7.5189 3.9383 18.391 10.062 -25.91 -14
1.9383 -18.339 10.062 27.407 -12 -9.0685
-41.042 12 -25.91 -12 66.952 0
14 -14.365 -14 -9.0685 0 23.433

 Elemento 74 
41.222 -18.207 -21.973 16.435 -19.249 1.772
-18.207 35.376 18.435 -42.707 -0.22803 7.3317
-21.973 18.435 25.297 -7.4137 -3.3244 -11.021
16.435 -42.707 -7.4137 67.389 -9.0213 -24.681
-19.249 -0.22803 -3.3244 -9.0213 22.574 9.2494
1.772 7.3317 -11.021 -24.681 9.2494 17.35

 Elemento 75 
12.144 -3.5589 -2.0284 -11.401 -10.115 14.96
-3.5589 32.349 -9.4012 -21.229 12.96 -11.121
-2.0284 -9.4012 46.453 17.088 -44.424 -7.6872
-11.401 -21.229 17.088 31.242 -5.6872 -10.013
-10.115 12.96 -44.424 -5.6872 54.54 -7.2729
14.96 -11.121 -7.6872 -10.013 -7.2729 21.134

 Elemento 76 
32.782 -10.598 -14.392 14.163 -18.39 -3.5652
-10.598 19.343 16.163 -25.949 -5.5652 6.6063
-14.392 16.163 23.401 -5.7485 -9.009 -10.415
14.163 -25.949 -5.7485 63.763 -8.4147 -37.813
-18.39 -5.5652 -9.009 -8.4147 27.399 13.98
-3.5652 6.6063 -10.415 -37.813 13.98 31.207

 Elemento 77 
25.67 8.4551 -23.541 1.6499 -2.1282 -10.105
8.4551 15.41 3.6499 3.6542 -12.105 -19.064
-23.541 3.6499 43.405 -19.157 -19.864 15.507
1.6499 3.6542 -19.157 37.206 17.507 -40.861
-2.1282 -12.105 -19.864 17.507 21.992 -5.4025
-10.105 -19.064 15.507 -40.861 -5.4025 59.925

 Elemento 78 
27.997 -12.229 -5.8127 9.4234 -22.185 2.8051
-12.229 23.609 11.423 -28.488 0.80508 4.8784
-5.8127 11.423 21.209 4.9354 -15.396 -16.359
9.4234 -28.488 4.9354 58.094 -14.359 -29.606
-22.185 0.80508 -15.396 -14.359 37.581 13.554
2.8051 4.8784 -16.359 -29.606 13.554 24.728

 Elemento 79 
30.713 4.2017 -22.221 8.5505 -8.4922 -12.752
4.2017 11.963 10.55 -1.2674 -14.752 -10.695
-22.221 10.55 34.31 -18.513 -12.089 7.9629
8.5505 -1.2674 -18.513 46.947 9.9629 -45.679
-8.4922 -14.752 -12.089 9.9629 20.581 4.7893
-12.752 -10.695 7.9629 -45.679 4.7893 56.375

 Elemento 80 
64.773 -1.317 -44.067 12.887 -20.705 -11.57
-1.317 22.726 14.887 -16.559 -13.57 -6.1667
-44.067 14.887 38.626 -18.11 5.441 3.2233
12.887 -16.559 -18.11 36.707 5.2233 -20.148
-20.705 -13.57 5.441 5.2233 15.264 8.3468
-11.57 -6.1667 3.2233 -20.148 8.3468 26.315

 Elemento 81 
56.918 -20.804 -18.922 15.621 -37.995 5.1826
-20.804 38.006 17.621 -32.372 3.1826 -5.6334
-18.922 17.621 16.129 -5.156 2.7927 -12.465
15.621 -32.372 -5.156 42.308 -10.465 -9.9362
-37.995 3.1826 2.7927 -10.465 35.203 7.2827
5.1826 -5.6334 -12.465 -9.9362 7.2827 15.57

 Elemento 82 
15.757 -5.037 -4.4994 -10.134 -11.258 15.171
-5.037 41.332 -8.1342 -29.064 13.171 -12.268
-4.4994 -8.1342 36.824 16.988 -32.325 -8.8535
-10.134 -29.064 16.988 33.986 -6.8535 -4.9221
-11.258 13.171 -32.325 -6.8535 43.582 -6.3176
15.171 -12.268 -8.8535 -4.9221 -6.3176 17.19

 Elemento 83 
46.687 9.0917 -38.806 3.5989 -7.8812 -12.691
9.0917 20.141 5.5989 -6.2254 -14.691 -13.916
-38.806 5.5989 44.25 -16.262 -5.4439 10.663
3.5989 -6.2254 -16.262 29.728 12.663 -23.503
-7.8812 -14.691 -5.4439 12.663 13.325 2.0273
-12.691 -13.916 10.663 -23.503 2.0273 37.418

 Elemento 84 
42.868 -15.754 -8.2739 11.703 -34.594 4.0508
-15.754 28.799 13.703 -25.404 2.0508 -3.3955
-8.2739 13.703 14.66 0.48406 -6.3865 -14.187
11.703 -25.404 0.48406 41.854 -12.187 -16.45
-34.594 2.0508 -6.3865 -12.187 40.98 10.137
4.0508 -3.3955 -14.187 -16.45 10.137 19.845

 Elemento 85 
21.026 10.97 -19.867 -15.434 -1.1585 4.4638
10.97 41.965 -13.434 -11.478 2.4638 -30.487
-19.867 -13.434 45.407 3.5866 -25.539 9.8476
-15.434 -11.478 3.5866 16.484 11.848 -5.0059
-1.1585 2.4638 -25.539 11.848 26.698 -14.311
4.4638 -30.487 9.8476 -5.0059 -14.311 35.493

 Elemento 86 
17.847 -8.9594 -4.7897 -3.8741 -13.057 12.834
-8.9594 37.703 -1.8741 -37.228 10.834 -0.47458
-4.7897 -1.8741 32.664 17.941 -27.874 -16.067
-3.8741 -37.228 17.941 51.613 -14.067 -14.384
-13.057 10.834 -27.874 -14.067 40.931 3.2331
12.834 -0.47458 -16.067 -14.384 3.2331 14.859

 Elemento 87 
14.663 2.2308 -7.712 -14.665 -6.9509 12.434
2.2308 41.175 -12.665 -13.441 10.434 -27.734
-7.712 -12.665 42.248 7.9465 -34.536 4.7183
-14.665 -13.441 7.9465 17.988 6.7183 -4.5472
-6.9509 10.434 -34.536 6.7183 41.487 -17.152
12.434 -27.734 4.7183 -4.5472 -17.152 32.282

 Elemento 88 
37.849 -14.113 0.94172 8.1954 -38.791 5.918
-14.113 25.851 10.195 -19.493 3.918 -6.3589
0.94172 10.195 14.819 5.9834 -15.761 -16.179
8.1954 -19.493 5.9834 36.36 -14.179 -16.867
-38.791 3.918 -15.761 -14.179 54.552 10.261
5.918 -6.3589 -16.179 -16.867 10.261 23.226

 Elemento 89 
22.446 11.263 -23.141 -17.903 0.6951 6.6407
11.263 47.448 -15.903 -21.821 4.6407 -25.626
-23.141 -15.903 48.807 10.364 -25.666 5.5394
-17.903 -21.821 10.364 21.838 7.5394 -0.016938
0.6951 4.6407 -25.666 7.5394 24.97 -12.18
6.6407 -25.626 5.5394 -0.016938 -12.18 25.643

 Elemento 90 
46.525 9.8797 -27.915 5.0618 -18.611 -14.941
9.8797 20.817 7.0618 -1.0234 -16.941 -19.794
-27.915 7.0618 28.785 -13.387 -0.87025 6.3248
5.0618 -1.0234 -13.387 26.951 8.3248 -25.928
-18.611 -16.941 -0.87025 8.3248 19.481 8.6167
-14.941 -19.794 6.3248 -25.928 8.6167 45.722

 Elemento 91 
43.204 6.5052 -23.013 8.0371 -20.191 -14.542
6.5052 17.196 10.037 -1.0287 -16.542 -16.167
-23.013 10.037 25.22 -13.425 -2.2066 3.3876
8.0371 -1.0287 -13.425 32.628 5.3876 -31.599
-20.191 -16.542 -2.2066 5.3876 22.398 11.155
-14.542 -16.167 3.3876 -31.599 11.155 47.766

 Elemento 92 
20.352 10.631 -19.582 -15.254 -0.77073 4.6232
10.631 40.537 -13.254 -10.796 2.6232 -29.742
-19.582 -13.254 46.355 3.2154 -26.774 10.039
-15.254 -10.796 3.2154 16.689 12.039 -5.8938
-0.77073 2.6232 -26.774 12.039 27.544 -14.662
4.6232 -29.742 10.039 -5.8938 -14.662 35.636

 Elemento 93 
45.805 7.7562 -32.46 5.8705 -13.345 -13.627
7.7562 18.828 7.8705 -4.1986 -15.627 -14.629
-32.46 7.8705 35.229 -15.703 -2.7686 7.8325
5.8705 -4.1986 -15.703 30.68 9.8325 -26.481
-13.345 -15.627 -2.7686 9.8325 16.114 5.7942
-13.627 -14.629 7.8325 -26.481 5.7942 41.11

 Elemento 94 
17.176 4.0145 -11.044 -15.346 -6.1316 11.332
4.0145 47.028 -13.346 -17.618 9.3315 -29.41
-11.044 -13.346 39.706 9.1689 -28.661 4.1772
-15.346 -17.618 9.1689 18.508 6.1772 -0.89026
-6.1316 9.3315 -28.661 6.1772 34.793 -15.509
11.332 -29.41 4.1772 -0.89026 -15.509 30.3

 Elemento 95 
19.891 10.87 -27.385 -14.643 7.4945 3.773
10.87 29.359 -12.643 -10.91 1.773 -18.449
-27.385 -12.643 65.857 1.5768 -38.472 11.067
-14.643 -10.91 1.5768 23.129 13.067 -12.218
7.4945 1.773 -38.472 13.067 30.978 -14.84
3.773 -18.449 11.067 -12.218 -14.84 30.667

 Elemento 96 
19.219 6.9111 -15.86 -16.531 -3.3595 9.62
6.9111 49.034 -14.531 -21.046 7.62 -27.989
-15.86 -14.531 42.225 10.449 -26.365 4.082
-16.531 -21.046 10.449 20.453 6.082 0.59218
-3.3595 7.62 -26.365 6.082 29.724 -13.702
9.62 -27.989 4.082 0.59218 -13.702 27.397

 Elemento 97 
22.066 10.878 -22.227 -17.694 0.16045 6.8154
10.878 47.591 -15.694 -21.316 4.8154 -26.275
-22.227 -15.694 47.766 10.082 -25.539 5.6113
-17.694 -21.316 10.082 21.315 7.6113 0.0016905
0.16045 4.8154 -25.539 7.6113 25.379 -12.427
6.8154 -26.275 5.6113 0.0016905 -12.427 26.273

 Elemento 98 
24.147 -12.868 -3.7723 4.1665 -20.374 8.7016
-12.868 31.372 6.1665 -33.678 6.7016 2.3065
-3.7723 6.1665 23.781 11.059 -20.009 -17.225
4.1665 -33.678 11.059 54.005 -15.225 -20.326
-20.374 6.7016 -20.009 -15.225 40.383 8.5239
8.7016 2.3065 -17.225 -20.326 8.5239 18.02

 Elemento 99 
15.079 -1.7592 -4.3172 -13.2 -10.762 14.959
-1.7592 42.652 -11.2 -18.511 12.959 -24.141
-4.3172 -11.2 38.373 11.462 -34.056 -0.26255
-13.2 -18.511 11.462 21.163 1.7374 -2.6521
-10.762 12.959 -34.056 1.7374 44.818 -14.696
14.959 -24.141 -0.26255 -2.6521 -14.696 26.793

 Elemento 100 
40.702 12.158 -17.446 4.6991 -23.256 -16.857
12.158 22.448 6.6991 6.5087 -18.857 -28.956
-17.446 6.6991 21.236 -11.229 -3.7904 4.5298
4.6991 6.5087 -11.229 26.834 6.5298 -33.343
-23.256 -18.857 -3.7904 6.5298 27.047 12.327
-16.857 -28.956 4.5298 -33.343 12.327 62.299

 Elemento 101 
26 14.264 -25.851 -14.52 -0.14854 0.25544
14.264 40.03 -12.52 -10.175 -1.7446 -29.855
-25.851 -12.52 47.242 0.96659 -21.391 11.553
-14.52 -10.175 0.96659 16.576 13.553 -6.4006
-0.14854 -1.7446 -21.391 13.553 21.539 -11.809
0.25544 -29.855 11.553 -6.4006 -11.809 36.256

 Elemento 102 
49.458 1.0119 -30.704 11.363 -18.754 -12.375
1.0119 17.353 13.363 -9.6681 -14.375 -7.6852
-30.704 13.363 30.384 -15.971 0.31997 2.6085
11.363 -9.6681 -15.971 37.657 4.6085 -27.989
-18.754 -14.375 0.31997 4.6085 18.434 9.7662
-12.375 -7.6852 2.6085 -27.989 9.7662 35.674

 Elemento 103 
21.095 10.516 -18.68 -15.775 -2.4146 5.2594
10.516 44.94 -13.775 -12.877 3.2594 -32.062
-18.68 -13.775 43.089 4.6882 -24.409 9.0867
-15.775 -12.877 4.6882 16.151 11.087 -3.2737
-2.4146 3.2594 -24.409 11.087 26.823 -14.346
5.2594 -32.062 9.0867 -3.2737 -14.346 35.336

 Elemento 104 
36.297 3.9492 -11.024 10.543 -25.273 -14.492
3.9492 13.605 12.543 1.7432 -16.492 -15.348
-11.024 12.543 18.777 -9.0546 -7.7524 -3.4884
10.543 1.7432 -9.0546 41.384 -1.4884 -43.127
-25.273 -16.492 -7.7524 -1.4884 33.025 17.981
-14.492 -15.348 -3.4884 -43.127 17.981 58.475

 Elemento 105 
12.546 -2.4056 -8.659 -11.522 -3.8869 13.928
-2.4056 34.856 -9.522 -34.412 11.928 -0.4446
-8.659 -9.522 50.612 24.229 -41.953 -14.707
-11.522 -34.412 24.229 50.039 -12.707 -15.627
-3.8869 11.928 -41.953 -12.707 45.84 0.77941
13.928 -0.4446 -14.707 -15.627 0.77941 16.072

 Elemento 106 
39.888 4.5478 -21.021 9.3202 -18.867 -13.868
4.5478 15.05 11.32 -1.7746 -15.868 -13.275
-21.021 11.32 25.118 -13.741 -4.0962 2.4211
9.3202 -1.7746 -13.741 37.419 4.4211 -35.645
-18.867 -15.868 -4.0962 4.4211 22.963 11.447
-13.868 -13.275 2.4211 -35.645 11.447 48.92

 Elemento 107 
33.89 -18.54 2.5323 -1.2051 -36.422 19.746
-18.54 50.488 0.79485 -25.77 17.746 -24.718
2.5323 0.79485 16.713 9.113 -19.246 -9.9078
-1.2051 -25.77 9.113 24.245 -7.9078 1.5246
-36.422 17.746 -19.246 -7.9078 55.668 -9.8377
19.746 -24.718 -9.9078 1.5246 -9.8377 23.193

 Elemento 108 
18.988 8.9081 -18.555 -16.469 -0.43296 7.5604
8.9081 42.832 -14.469 -16.522 5.5604 -26.311
-18.555 -14.469 47.624 7.8888 -29.069 6.5797
-16.469 -16.522 7.8888 19.447 8.5797 -2.9254
-0.43296 5.5604 -29.069 8.5797 29.502 -14.14
7.5604 -26.311 6.5797 -2.9254 -14.14 29.236

 Elemento 109 
40.089 6.6407 -19.178 8.2182 -20.912 -14.859
6.6407 16.37 10.218 1.1138 -16.859 -17.484
-19.178 10.218 23.143 -12.653 -3.9653 2.4349
8.2182 1.1138 -12.653 34.284 4.4349 -35.398
-20.912 -16.859 -3.9653 4.4349 24.877 12.424
-14.859 -17.484 2.4349 -35.398 12.424 52.882

 Elemento 110 
35.06 11.548 -32.942 -1.4465 -2.1181 -10.102
11.548 21.047 0.55349 -1.9892 -12.102 -19.058
-32.942 0.55349 46.924 -14.617 -13.982 14.064
-1.4465 -1.9892 -14.617 26.794 16.064 -24.805
-2.1181 -12.102 -13.982 16.064 16.101 -3.9618
-10.102 -19.058 14.064 -24.805 -3.9618 43.864

 Elemento 111 
46.834 -5.0618 -26.211 14.579 -20.623 -9.517
-5.0618 17.539 16.579 -15.652 -11.517 -1.8871
-26.211 16.579 26.626 -14.56 -0.41532 -2.0191
14.579 -15.652 -14.56 45.896 -0.019089 -30.244
-20.623 -11.517 -0.41532 -0.019089 21.039 11.536
-9.517 -1.8871 -2.0191 -30.244 11.536 32.131

 Elemento 112 
42.161 0 -18.771 12 -23.391 -12
0 14.757 14 -6.5698 -14 -8.1867
-18.771 14 21.639 -11.576 -2.8684 -2.4244
12 -6.5698 -11.576 40.874 -0.42438 -34.304
-23.391 -14 -2.8684 -0.42438 26.259 14.424
-12 -8.1867 -2.4244 -34.304 14.424 42.491

 Elemento 113 
19.457 -1.5683 -11.337 -12.946 -8.1199 14.514
-1.5683 55.327 -10.946 -36.59 12.514 -18.737
-11.337 -10.946 35.387 16.773 -24.051 -5.8274
-12.946 -36.59 16.773 34.32 -3.8274 2.2698
-8.1199 12.514 -24.051 -3.8274 32.171 -8.6864
14.514 -18.737 -5.8274 2.2698 -8.6864 16.467

 Elemento 114 
43.587 -22.629 -5.9885 6.3586 -37.598 16.271
-22.629 52.034 8.3586 -35.184 14.271 -16.85
-5.9885 8.3586 13.671 5.0754 -7.6822 -13.434
6.3586 -35.184 5.0754 34.553 -11.434 0.63119
-37.598 14.271 -7.6822 -11.434 45.281 -2.8365
16.271 -16.85 -13.434 0.63119 -2.8365 16.218

 Elemento 115 
37.288 3.4128 -35.303 8.5872 -1.9852 -12
3.4128 13.704 10.587 -8.0324 -14 -5.6719
-35.303 10.587 48.442 -22.587 -13.139 12
8.5872 -8.0324 -22.587 45.571 14 -37.539
-1.9852 -14 -13.139 14 15.124 0
-12 -5.6719 12 -37.539 0 43.211

 Elemento 116 
27.902 11.272 -18.022 0.52935 -9.8801 -11.801
11.272 21.04 2.5293 8.2249 -13.801 -29.265
-18.022 2.5293 31.711 -14.786 -13.689 12.257
0.52935 8.2249 -14.786 29.831 14.257 -38.056
-9.8801 -13.801 -13.689 14.257 23.569 -0.4555
-11.801 -29.265 12.257 -38.056 -0.4555 67.321

 Elemento 117 
45.241 22.077 -31.4 -10.352 -13.84 -11.724
22.077 46.5 -8.3522 -5.9231 -13.724 -40.577
-31.4 -8.3522 34.172 -3.6933 -2.7721 12.046
-10.352 -5.9231 -3.6933 12.798 14.046 -6.8744
-13.84 -13.724 -2.7721 14.046 16.612 -0.32106
-11.724 -40.577 12.046 -6.8744 -0.32106 47.451

 Elemento 118 
37.726 -2.3633 -8.8946 12.472 -28.831 -10.109
-2.3633 13.512 14.472 -6.5686 -12.109 -6.9438
-8.8946 14.472 16.941 -5.2916 -8.0465 -9.1808
12.472 -6.5686 -5.2916 44.636 -7.1808 -38.068
-28.831 -12.109 -8.0465 -7.1808 36.878 19.29
-10.109 -6.9438 -9.1808 -38.068 19.29 45.012

 Elemento 119 
18.185 -5.0519 -6.3873 -10.441 -11.798 15.493
-5.0519 48.828 -8.4408 -32.152 13.493 -16.676
-6.3873 -8.4408 33.038 15.81 -26.651 -7.3692
-10.441 -32.152 15.81 32.64 -5.3692 -0.48817
-11.798 13.493 -26.651 -5.3692 38.448 -8.1235
15.493 -16.676 -7.3692 -0.48817 -8.1235 17.164

 Elemento 120 
24.097 -6.6944 -9.0442 -9.7027 -15.053 16.397
-6.6944 64.702 -7.7027 -39.285 14.397 -25.417
-9.0442 -7.7027 26.634 13.932 -17.589 -6.2289
-9.7027 -39.285 13.932 32.508 -4.2289 6.7773
-15.053 14.397 -17.589 -4.2289 32.643 -10.168
16.397 -25.417 -6.2289 6.7773 -10.168 18.639

 Elemento 121 
40.415 17.91 -28.416 -5.9104 -11.999 -12
17.91 34.869 -3.9104 -0.58573 -14 -34.283
-28.416 -3.9104 33.836 -8.0896 -5.4196 12
-5.9104 -0.58573 -8.0896 16.07 14 -15.484
-11.999 -14 -5.4196 14 17.419 0
-12 -34.283 12 -15.484 0 49.767

 Elemento 122 
56.28 11.924 -26.009 5.4836 -30.271 -17.408
11.924 25.156 7.4836 -0.18427 -19.408 -24.972
-26.009 7.4836 21.97 -10.647 4.0391 3.1637
5.4836 -0.18427 -10.647 22.262 5.1637 -22.078
-30.271 -19.408 4.0391 5.1637 26.232 14.244
-17.408 -24.972 3.1637 -22.078 14.244 47.05

 Elemento 123 
44.18 11.574 -37.307 0.65333 -6.8732 -12.227
11.574 22.166 2.6533 -4.5711 -14.227 -17.595
-37.307 2.6533 44.178 -14.366 -6.8714 11.712
0.65333 -4.5711 -14.366 26.207 13.712 -21.636
-6.8732 -14.227 -6.8714 13.712 13.745 0.51491
-12.227 -17.595 11.712 -21.636 0.51491 39.23

 Elemento 124 
40.184 16.929 -29.129 -4.9294 -11.054 -12
16.929 32.11 -2.9294 -0.52656 -14 -31.583
-29.129 -2.9294 35.052 -9.0706 -5.9228 12
-4.9294 -0.52656 -9.0706 17.449 14 -16.922
-11.054 -14 -5.9228 14 16.977 0
-12 -31.583 12 -16.922 0 48.506

 Elemento 125 
16.222 -3.9917 -4.229 -11.582 -11.993 15.574
-3.9917 44.195 -9.5823 -24.809 13.574 -19.386
-4.229 -9.5823 35.623 14.283 -31.394 -4.701
-11.582 -24.809 14.283 26.598 -2.701 -1.789
-11.993 13.574 -31.394 -2.701 43.388 -10.873
15.574 -19.386 -4.701 -1.789 -10.873 21.175

 Elemento 126 
23.373 -12.367 -2.914 4.0368 -20.459 8.3307
-12.367 29.604 6.0368 -32.263 6.3307 2.6597
-2.914 6.0368 24.322 11.614 -21.408 -17.65
4.0368 -32.263 11.614 54.079 -15.65 -21.815
-20.459 6.3307 -21.408 -15.65 41.868 9.3197
8.3307 2.6597 -17.65 -21.815 9.3197 19.155

 Elemento 127 
29.055 -12.485 1.8418 6.3077 -30.896 6.1774
-12.485 23.9 8.3077 -21.689 4.1774 -2.2106
1.8418 8.3077 19.391 9.2589 -21.233 -17.567
6.3077 -21.689 9.2589 43.114 -15.567 -21.425
-30.896 4.1774 -21.233 -15.567 52.129 11.389
6.1774 -2.2106 -17.567 -21.425 11.389 23.636

 Elemento 128 
50.097 10.945 -25.67 5.3193 -24.428 -16.265
10.945 22.714 7.3193 0.15923 -18.265 -22.874
-25.67 7.3193 24.331 -11.792 1.3384 4.4726
5.3193 0.15923 -11.792 24.655 6.4726 -24.814
-24.428 -18.265 1.3384 6.4726 23.089 11.792
-16.265 -22.874 4.4726 -24.814 11.792 47.688

 Elemento 129 
53.594 -15.022 -11.314 13.352 -42.28 1.6699
-15.022 28.161 15.352 -21.08 -0.33013 -7.0802
-11.314 15.352 12.837 -2.4615 -1.523 -12.89
13.352 -21.08 -2.4615 35.666 -10.89 -14.586
-42.28 -0.33013 -1.523 -10.89 43.803 11.22
1.6699 -7.0802 -12.89 -14.586 11.22 21.666

 Elemento 130 
10.9 -1.9584 -4.7836 -12.426 -6.1167 14.384
-1.9584 30.392 -10.426 -23.04 12.384 -7.3525
-4.7836 -10.426 53.474 19.636 -48.691 -9.2102
-12.426 -23.04 19.636 35.892 -7.2102 -12.852
-6.1167 12.384 -48.691 -7.2102 54.807 -5.1739
14.384 -7.3525 -9.2102 -12.852 -5.1739 20.205

 Elemento 131 
37.937 -15.793 -5.3391 9.7052 -32.598 6.0876
-15.793 29.804 11.705 -26.674 4.0876 -3.1295
-5.3391 11.705 15.513 3.4446 -10.174 -15.15
9.7052 -26.674 3.4446 42.663 -13.15 -15.989
-32.598 4.0876 -10.174 -13.15 42.771 9.0622
6.0876 -3.1295 -15.15 -15.989 9.0622 19.118

 Elemento 132 
16.28 -3.7053 -5.1363 -11.663 -11.143 15.368
-3.7053 44.68 -9.6627 -26.387 13.368 -18.293
-5.1363 -9.6627 36.019 14.926 -30.883 -5.2635
-11.663 -26.387 14.926 28.117 -3.2635 -1.7304
-11.143 13.368 -30.883 -3.2635 42.026 -10.105
15.368 -18.293 -5.2635 -1.7304 -10.105 20.023

 Elemento 133 
40.461 16.767 -25.548 -3.0526 -14.913 -13.714
16.767 31.585 -1.0526 2.4344 -15.714 -34.019
-25.548 -1.0526 29.972 -9.8282 -4.4241 10.881
-3.0526 2.4344 -9.8282 17.918 12.881 -20.352
-14.913 -15.714 -4.4241 12.881 19.337 2.8335
-13.714 -34.019 10.881 -20.352 2.8335 54.371

 Elemento 134 
39.407 9.7519 -30.265 3.1167 -9.1417 -12.869
9.7519 19.089 5.1167 -1.2973 -14.869 -17.791
-30.265 5.1167 37.455 -15.592 -7.1896 10.475
3.1167 -1.2973 -15.592 29.425 12.475 -28.128
-9.1417 -14.869 -7.1896 12.475 16.331 2.3931
-12.869 -17.791 10.475 -28.128 2.3931 45.919

 Elemento 135 
19.019 0 -15.73 -14 -3.2889 14
0 54.339 -12 -44.942 12 -9.3969
-15.73 -12 42.454 21.504 -26.725 -9.5038
-14 -44.942 21.504 47.476 -7.5038 -2.5339
-3.2889 12 -26.725 -7.5038 30.014 -4.4962
14 -9.3969 -9.5038 -2.5339 -4.4962 11.931

 Elemento 136 
29.917 15.153 -21.561 -6.888 -8.3562 -8.2653
15.153 33.455 -4.888 3.2412 -10.265 -36.696
-21.561 -4.888 34.257 -8.8649 -12.696 13.753
-6.888 3.2412 -8.8649 17.053 15.753 -20.294
-8.3562 -10.265 -12.696 15.753 21.053 -5.4876
-8.2653 -36.696 13.753 -20.294 -5.4876 56.99

 Elemento 137 
48.372 -15.902 -17.007 15.006 -31.365 0.89543
-15.902 28.986 17.006 -27.943 -1.1046 -1.0428
-17.007 17.006 17.556 -5.4837 -0.54948 -11.523
15.006 -27.943 -5.4837 46.258 -9.5225 -18.315
-31.365 -1.1046 -0.54948 -9.5225 31.914 10.627
0.89543 -1.0428 -11.523 -18.315 10.627 19.357

 Elemento 138 
30.317 12.156 -26.453 -2.7195 -3.8644 -9.4361
12.156 22.636 -0.71946 1.9009 -11.436 -24.537
-26.453 -0.71946 41.552 -13.66 -15.1 14.379
-2.7195 1.9009 -13.66 24.899 16.379 -26.8
-3.8644 -11.436 -15.1 16.379 18.964 -4.9432
-9.4361 -24.537 14.379 -26.8 -4.9432 51.337

 Elemento 139 
15.436 0 -7.5301 -14 -7.9057 14
0 44.102 -12 -21.515 12 -22.588
-7.5301 -12 39.953 12.684 -32.423 -0.68372
-14 -21.515 12.684 23.193 1.3163 -1.6787
-7.9057 12 -32.423 1.3163 40.328 -13.316
14 -22.588 -0.68372 -1.6787 -13.316 24.266

 Elemento 140 
19.181 7.1704 -15.671 -16.384 -3.5102 9.2136
7.1704 48.377 -14.384 -19.337 7.2136 -29.04
-15.671 -14.384 41.999 9.4371 -26.328 4.9469
-16.384 -19.337 9.4371 19.305 6.9469 0.032011
-3.5102 7.2136 -26.328 6.9469 29.838 -14.16
9.2136 -29.04 4.9469 0.032011 -14.16 29.008

 Elemento 141 
27.346 13.38 -23.428 -18.373 -3.9181 4.9927
13.38 59.434 -16.373 -24.496 2.9927 -34.938
-23.428 -16.373 40.549 9.9266 -17.122 6.4464
-18.373 -24.496 9.9266 19.518 8.4464 4.9778
-3.9181 2.9927 -17.122 8.4464 21.04 -11.439
4.9927 -34.938 6.4464 4.9778 -11.439 29.96

 Elemento 142 
31.603 4.3235 -12.651 9.8597 -18.952 -14.183
4.3235 12.309 11.86 2.4601 -16.183 -14.769
-12.651 11.86 22.784 -11.811 -10.133 -0.048377
9.8597 2.4601 -11.811 45.986 1.9516 -48.446
-18.952 -16.183 -10.133 1.9516 29.085 14.232
-14.183 -14.769 -0.048377 -48.446 14.232 63.216

 Elemento 143 
37.124 -20.308 -4.222 2.5072 -32.902 17.8
-20.308 55.244 4.5072 -35.821 15.8 -19.423
-4.222 4.5072 15.565 7.7163 -11.343 -12.224
2.5072 -35.821 7.7163 33.364 -10.224 2.4572
-32.902 15.8 -11.343 -10.224 44.245 -5.5769
17.8 -19.423 -12.224 2.4572 -5.5769 16.965

 Elemento 144 
26.396 -13.133 -0.22693 4.6244 -26.169 8.5087
-13.133 28.3 6.6244 -27.11 6.5087 -1.1893
-0.22693 6.6244 21.217 10.46 -20.99 -17.084
4.6244 -27.11 10.46 45.759 -15.084 -18.649
-26.169 6.5087 -20.99 -15.084 47.159 8.5753
