   9.0542195e+06  -4.9737476e+06  -6.8977695e+06   4.2480917e+06  -2.1564500e+06   7.2565595e+05
  -4.9737476e+06   1.4618364e+07   3.4239159e+06   1.0873877e+06   1.5498318e+06  -1.5705751e+07
  -6.8977695e+06   3.4239159e+06   1.5758005e+07   2.8115730e+06  -8.8602353e+06  -6.2354889e+06
   4.2480917e+06   1.0873877e+06   2.8115730e+06   6.5862107e+06  -7.0596647e+06  -7.6735984e+06
  -2.1564500e+06   1.5498318e+06  -8.8602353e+06  -7.0596647e+06   1.1016685e+07   5.5098329e+06
   7.2565595e+05  -1.5705751e+07  -6.2354889e+06  -7.6735984e+06   5.5098329e+06   2.3379350e+07
