   1.3596000e+07  -2.4719077e+05  -6.9890701e+06  -4.8150510e+06  -6.6069302e+06   5.0622417e+06
  -2.4719077e+05   4.7679368e+06  -5.6392268e+06  -2.0463938e+06   5.8864176e+06  -2.7215430e+06
  -6.9890701e+06  -5.6392268e+06   1.0587254e+07   5.5665453e+06  -3.5981841e+06   7.2681507e+04
  -4.8150510e+06  -2.0463938e+06   5.5665453e+06   2.0823459e+07  -7.5149432e+05  -1.8777066e+07
  -6.6069302e+06   5.8864176e+06  -3.5981841e+06  -7.5149432e+05   1.0205114e+07  -5.1349233e+06
   5.0622417e+06  -2.7215430e+06   7.2681507e+04  -1.8777066e+07  -5.1349233e+06   2.1498609e+07
