   9.5868429e+06  -4.8667649e+06  -6.1144240e+06   5.5634118e+06  -3.4724189e+06  -6.9664686e+05
  -4.8667649e+06   1.9966015e+07   4.7392360e+06  -1.4375734e+06   1.2752896e+05  -1.8528442e+07
  -6.1144240e+06   4.7392360e+06   1.3819293e+07   4.4441056e+05  -7.7048691e+06  -5.1836465e+06
   5.5634118e+06  -1.4375734e+06   4.4441056e+05   4.8664607e+06  -6.0078224e+06  -3.4288873e+06
  -3.4724189e+06   1.2752896e+05  -7.7048691e+06  -6.0078224e+06   1.1177288e+07   5.8802934e+06
  -6.9664686e+05  -1.8528442e+07  -5.1836465e+06  -3.4288873e+06   5.8802934e+06   2.1957329e+07
