   5.9205488e+06  -6.2479623e+05  -3.8693008e+06   6.0777838e+06  -2.0512480e+06  -5.4529876e+06
  -6.2479623e+05   1.6777625e+07   5.2536080e+06  -8.6164723e+06  -4.6288117e+06  -8.1611526e+06
  -3.8693008e+06   5.2536080e+06   1.8590962e+07  -5.4435832e+06  -1.4721661e+07   1.8997524e+05
   6.0777838e+06  -8.6164723e+06  -5.4435832e+06   1.0093253e+07  -6.3420059e+05  -1.4767803e+06
  -2.0512480e+06  -4.6288117e+06  -1.4721661e+07  -6.3420059e+05   1.6772909e+07   5.2630123e+06
  -5.4529876e+06  -8.1611526e+06   1.8997524e+05  -1.4767803e+06   5.2630123e+06   9.6379329e+06
