   1.5718169e+07  -7.2196837e+06  -1.0261063e+07   2.1865391e+06  -5.4571062e+06   5.0331446e+06
  -7.2196837e+06   1.4396629e+07   1.3623633e+06   8.2281145e+05   5.8573205e+06  -1.5219440e+07
  -1.0261063e+07   1.3623633e+06   1.2748725e+07   3.5389781e+06  -2.4876627e+06  -4.9013414e+06
   2.1865391e+06   8.2281145e+05   3.5389781e+06   6.6525457e+06  -5.7255172e+06  -7.4753571e+06
  -5.4571062e+06   5.8573205e+06  -2.4876627e+06  -5.7255172e+06   7.9447689e+06  -1.3180327e+05
   5.0331446e+06  -1.5219440e+07  -4.9013414e+06  -7.4753571e+06  -1.3180327e+05   2.2694797e+07
