   6.2180756e+06  -6.4565365e+05  -4.1549322e+06   6.1040921e+06  -2.0631435e+06  -5.4584385e+06
  -6.4565365e+05   1.7625424e+07   5.2799163e+06  -9.4667350e+06  -4.6342626e+06  -8.1586892e+06
  -4.1549322e+06   5.2799163e+06   1.8070007e+07  -5.7305216e+06  -1.3915075e+07   4.5060527e+05
   6.1040921e+06  -9.4667350e+06  -5.7305216e+06   1.0480104e+07  -3.7357055e+05  -1.0133692e+06
  -2.0631435e+06  -4.6342626e+06  -1.3915075e+07  -3.7357055e+05   1.5978219e+07   5.0078332e+06
  -5.4584385e+06  -8.1586892e+06   4.5060527e+05  -1.0133692e+06   5.0078332e+06   9.1720584e+06
