   1.4710998e+07  -5.0749668e+06  -1.1267209e+07   1.2991183e+05  -3.4437898e+06   4.9450549e+06
  -5.0749668e+06   9.2384952e+06  -6.9426399e+05   6.0090422e+05   5.7692308e+06  -9.8393994e+06
  -1.1267209e+07  -6.9426399e+05   1.5093959e+07   5.6393189e+06  -3.8267500e+06  -4.9450549e+06
   1.2991183e+05   6.0090422e+05   5.6393189e+06   1.0332667e+07  -5.7692308e+06  -1.0933571e+07
  -3.4437898e+06   5.7692308e+06  -3.8267500e+06  -5.7692308e+06   7.2705398e+06   0.0000000e+00
   4.9450549e+06  -9.8393994e+06  -4.9450549e+06  -1.0933571e+07   0.0000000e+00   2.0772971e+07
