   5.8577047e+06   1.4217709e+06  -8.1497915e+05   5.0201705e+06  -5.0427255e+06  -6.4419415e+06
   1.4217709e+06   1.5980699e+07   4.1959947e+06  -7.6245301e+06  -5.6177656e+06  -8.3561690e+06
  -8.1497915e+05   4.1959947e+06   1.6347939e+07  -5.2501806e+06  -1.5532960e+07   1.0541859e+06
   5.0201705e+06  -7.6245301e+06  -5.2501806e+06   9.5884835e+06   2.3001007e+05  -1.9639534e+06
  -5.0427255e+06  -5.6177656e+06  -1.5532960e+07   2.3001007e+05   2.0575686e+07   5.3877556e+06
  -6.4419415e+06  -8.3561690e+06   1.0541859e+06  -1.9639534e+06   5.3877556e+06   1.0320122e+07
