   2.4602510e+07  -3.0749701e+06  -1.1287286e+07  -3.3938072e+06  -1.3315225e+07   6.4687773e+06
  -3.0749701e+06   9.4197050e+06  -4.2179830e+06  -1.5403456e+06   7.2929531e+06  -7.8793594e+06
  -1.1287286e+07  -4.2179830e+06   9.0437937e+06   4.6225301e+06   2.2434920e+06  -4.0454710e+05
  -3.3938072e+06  -1.5403456e+06   4.6225301e+06   1.0347445e+07  -1.2287229e+06  -8.8070990e+06
  -1.3315225e+07   7.2929531e+06   2.2434920e+06  -1.2287229e+06   1.1071733e+07  -6.0642302e+06
   6.4687773e+06  -7.8793594e+06  -4.0454710e+05  -8.8070990e+06  -6.0642302e+06   1.6686458e+07
