   1.1835591e+07  -5.2572202e+06  -6.1624351e+06  -2.7891784e+03  -5.6731558e+06   5.2600094e+06
  -5.2572202e+06   1.0249239e+07  -8.2696500e+05   4.5479204e+06   6.0841852e+06  -1.4797159e+07
  -6.1624351e+06  -8.2696500e+05   1.1243445e+07   5.4262244e+06  -5.0810100e+06  -4.5992594e+06
  -2.7891784e+03   4.5479204e+06   5.4262244e+06   1.1296526e+07  -5.4234353e+06  -1.5844446e+07
  -5.6731558e+06   6.0841852e+06  -5.0810100e+06  -5.4234353e+06   1.0754166e+07  -6.6074992e+05
   5.2600094e+06  -1.4797159e+07  -4.5992594e+06  -1.5844446e+07  -6.6074992e+05   3.0641605e+07
