  1.9780220e+007  1.0714286e+007 -1.1538462e+007 -4.9450549e+006 -8.2417582e+006 -5.7692308e+006
  1.0714286e+007  3.5851648e+007 -5.7692308e+006 -3.2967033e+007 -4.9450549e+006 -2.8846154e+006
 -1.1538462e+007 -5.7692308e+006  1.1538462e+007 -1.8016065e-005  6.0230209e-006  5.7692308e+006
 -4.9450549e+006 -3.2967033e+007 -1.8016065e-005  3.2967033e+007  4.9450549e+006  5.1953899e-005
 -8.2417582e+006 -4.9450549e+006  6.0230209e-006  4.9450549e+006  8.2417582e+006  1.8461423e-005
 -5.7692308e+006 -2.8846154e+006  5.7692308e+006  5.1953899e-005  1.8461423e-005  2.8846154e+006
