   7.3154181e+06  -4.7704432e+04  -3.6985618e+06   5.7929719e+06  -3.6168563e+06  -5.7452675e+06
  -4.7704432e+04   2.0900548e+07   4.9687961e+06  -1.0421881e+07  -4.9210917e+06  -1.0478668e+07
  -3.6985618e+06   4.9687961e+06   1.4869495e+07  -5.3440177e+06  -1.1170933e+07   3.7522156e+05
   5.7929719e+06  -1.0421881e+07  -5.3440177e+06   9.7467687e+06  -4.4895427e+05   6.7511216e+05
  -3.6168563e+06  -4.9210917e+06  -1.1170933e+07  -4.4895427e+05   1.4787789e+07   5.3700460e+06
  -5.7452675e+06  -1.0478668e+07   3.7522156e+05   6.7511216e+05   5.3700460e+06   9.8035554e+06
