   7.0125979e+06   3.8036954e+06   4.5662205e+06   3.7377738e+06  -1.1578818e+07  -7.5414691e+06
   3.8036954e+06   1.2638247e+07   2.9135980e+06  -3.8407517e+06  -6.7172933e+06  -8.7974955e+06
   4.5662205e+06   2.9135980e+06   1.6534183e+07  -4.6372781e+06  -2.1100404e+07   1.7236801e+06
   3.7377738e+06  -3.8407517e+06  -4.6372781e+06   8.6917578e+06   8.9950428e+05  -4.8510061e+06
  -1.1578818e+07  -6.7172933e+06  -2.1100404e+07   8.9950428e+05   3.2679222e+07   5.8177890e+06
  -7.5414691e+06  -8.7974955e+06   1.7236801e+06  -4.8510061e+06   5.8177890e+06   1.3648502e+07
