   1.4606803e+07  -5.0425434e+06  -1.0914489e+07   1.2761196e+04  -3.6923141e+06   5.0297822e+06
  -5.0425434e+06   9.1795490e+06  -8.1141463e+05   8.2292860e+05   5.8539581e+06  -1.0002478e+07
  -1.0914489e+07  -8.1141463e+05   1.4665994e+07   5.6597466e+06  -3.7515045e+06  -4.8483319e+06
   1.2761196e+04   8.2292860e+05   5.6597466e+06   1.0433456e+07  -5.6725077e+06  -1.1256385e+07
  -3.6923141e+06   5.8539581e+06  -3.7515045e+06  -5.6725077e+06   7.4438186e+06  -1.8145031e+05
   5.0297822e+06  -1.0002478e+07  -4.8483319e+06  -1.1256385e+07  -1.8145031e+05   2.1258862e+07
