   1.2408823e+07  -2.7774419e+06  -5.6657884e+06  -3.2120611e+06  -6.7430345e+06   5.9895030e+06
  -2.7774419e+06   5.6928036e+06  -4.0362370e+06   2.3814903e+06   6.8136788e+06  -8.0742939e+06
  -5.6657884e+06  -4.0362370e+06   1.0250639e+07   5.6039061e+06  -4.5848510e+06  -1.5676691e+06
  -3.2120611e+06   2.3814903e+06   5.6039061e+06   1.7701068e+07  -2.3918449e+06  -2.0082559e+07
  -6.7430345e+06   6.8136788e+06  -4.5848510e+06  -2.3918449e+06   1.1327886e+07  -4.4218339e+06
   5.9895030e+06  -8.0742939e+06  -1.5676691e+06  -2.0082559e+07  -4.4218339e+06   2.8156853e+07
