   1.7951744e+07   3.1958979e+06  -5.0250052e+06  -5.5505366e+06  -1.2926739e+07   2.3546387e+06
   3.1958979e+06   7.4975592e+06  -6.3747124e+06  -6.0602905e+06   3.1788145e+06  -1.4372687e+06
  -5.0250052e+06  -6.3747124e+06   6.7039664e+06   2.1445964e+06  -1.6789612e+06   4.2301160e+06
  -5.5505366e+06  -6.0602905e+06   2.1445964e+06   1.7582300e+07   3.4059401e+06  -1.1522009e+07
  -1.2926739e+07   3.1788145e+06  -1.6789612e+06   3.4059401e+06   1.4605700e+07  -6.5847546e+06
   2.3546387e+06  -1.4372687e+06   4.2301160e+06  -1.1522009e+07  -6.5847546e+06   1.2959278e+07
