   1.5445440e+07   4.5792219e+06  -3.7285108e+06  -5.2033254e+06  -1.1716930e+07   6.2410357e+05
   4.5792219e+06   8.4676951e+06  -6.0275013e+06  -8.6415250e+06   1.4482794e+06   1.7382989e+05
  -3.7285108e+06  -6.0275013e+06   7.0570343e+06   6.1885790e+05  -3.3285235e+06   5.4086434e+06
  -5.2033254e+06  -8.6415250e+06   6.1885790e+05   2.0049513e+07   4.5844676e+06  -1.1407988e+07
  -1.1716930e+07   1.4482794e+06  -3.3285235e+06   4.5844676e+06   1.5045453e+07  -6.0327469e+06
   6.2410357e+05   1.7382989e+05   5.4086434e+06  -1.1407988e+07  -6.0327469e+06   1.1234158e+07
