   6.5056086e+06  -1.0792768e+05  -2.2311946e+06   5.8038028e+06  -4.2744140e+06  -5.6958751e+06
  -1.0792768e+05   1.8583733e+07   4.9796269e+06  -6.0043942e+06  -4.8716993e+06  -1.2579339e+07
  -2.2311946e+06   4.9796269e+06   1.5382948e+07  -3.4431344e+06  -1.3151754e+07  -1.5364926e+06
   5.8038028e+06  -6.0043942e+06  -3.4431344e+06   7.0572450e+06  -2.3606684e+06  -1.0528508e+06
  -4.2744140e+06  -4.8716993e+06  -1.3151754e+07  -2.3606684e+06   1.7426168e+07   7.2323677e+06
  -5.6958751e+06  -1.2579339e+07  -1.5364926e+06  -1.0528508e+06   7.2323677e+06   1.3632190e+07
