   1.2062955e+07  -5.5108557e+06  -1.0132206e+07   2.0656975e+06  -1.9307488e+06   3.4451582e+06
  -5.5108557e+06   1.0945618e+07   1.2415217e+06   9.7226695e+05   4.2693340e+06  -1.1917885e+07
  -1.0132206e+07   1.2415217e+06   1.6393895e+07   4.7115287e+06  -6.2616882e+06  -5.9530504e+06
   2.0656975e+06   9.7226695e+05   4.7115287e+06   8.7745168e+06  -6.7772262e+06  -9.7467838e+06
  -1.9307488e+06   4.2693340e+06  -6.2616882e+06  -6.7772262e+06   8.1924370e+06   2.5078922e+06
   3.4451582e+06  -1.1917885e+07  -5.9530504e+06  -9.7467838e+06   2.5078922e+06   2.1664669e+07
