   2.2673780e+07   6.5142489e+06  -9.4622934e+06  -6.8725689e+06  -1.3211487e+07   3.5831999e+05
   6.5142489e+06   1.2132778e+07  -7.6967447e+06  -1.1456574e+07   1.1824958e+06  -6.7620411e+05
  -9.4622934e+06  -7.6967447e+06   8.1429831e+06   3.7406071e+06   1.3193103e+06   3.9561377e+06
  -6.8725689e+06  -1.1456574e+07   3.7406071e+06   1.8656098e+07   3.1319619e+06  -7.1995239e+06
  -1.3211487e+07   1.1824958e+06   1.3193103e+06   3.1319619e+06   1.1892176e+07  -4.3144577e+06
   3.5831999e+05  -6.7620411e+05   3.9561377e+06  -7.1995239e+06  -4.3144577e+06   7.8757280e+06
