   1.1409811e+07  -6.1522698e+06  -7.9869716e+06   3.6941166e+06  -3.4228392e+06   2.4581532e+06
  -6.1522698e+06   1.5560828e+07   2.8699408e+06   1.1061546e+06   3.2823290e+06  -1.6666983e+07
  -7.9869716e+06   2.8699408e+06   1.3925641e+07   2.9139273e+06  -5.9386692e+06  -5.7838681e+06
   3.6941166e+06   1.1061546e+06   2.9139273e+06   6.1899527e+06  -6.6080439e+06  -7.2961074e+06
  -3.4228392e+06   3.2823290e+06  -5.9386692e+06  -6.6080439e+06   9.3615083e+06   3.3257149e+06
   2.4581532e+06  -1.6666983e+07  -5.7838681e+06  -7.2961074e+06   3.3257149e+06   2.3963090e+07
