   8.0274922e+06   4.2232078e+06   1.7005925e+06   2.8490142e+06  -9.7280847e+06  -7.0722220e+06
   4.2232078e+06   1.5769683e+07   2.0248384e+06  -8.3662705e+06  -6.2480462e+06  -7.4034124e+06
   1.7005925e+06   2.0248384e+06   1.2206704e+07  -5.3893559e+06  -1.3907297e+07   3.3645174e+06
   2.8490142e+06  -8.3662705e+06  -5.3893559e+06   1.0468929e+07   2.5403416e+06  -2.1026586e+06
  -9.7280847e+06  -6.2480462e+06  -1.3907297e+07   2.5403416e+06   2.3635382e+07   3.7077046e+06
  -7.0722220e+06  -7.4034124e+06   3.3645174e+06  -2.1026586e+06   3.7077046e+06   9.5060710e+06
