   1.4384140e+07  -5.3618123e+06  -1.0569329e+07   4.1675737e+05  -3.8148116e+06   4.9450549e+06
  -5.3618123e+06   9.8207563e+06  -4.0741846e+05   1.0787055e+06   5.7692308e+06  -1.0899462e+07
  -1.0569329e+07  -4.0741846e+05   1.4377496e+07   5.3524734e+06  -3.8081672e+06  -4.9450549e+06
   4.1675737e+05   1.0787055e+06   5.3524734e+06   9.8017722e+06  -5.7692308e+06  -1.0880478e+07
  -3.8148116e+06   5.7692308e+06  -3.8081672e+06  -5.7692308e+06   7.6229788e+06   0.0000000e+00
   4.9450549e+06  -1.0899462e+07  -4.9450549e+06  -1.0880478e+07   0.0000000e+00   2.1779939e+07
