   8.7505900e+06  -4.6380713e+06  -8.6844696e+06   3.6068539e+06  -6.6120418e+04   1.0312173e+06
  -4.6380713e+06   1.1148590e+07   2.7826781e+06   7.3026304e+05   1.8553932e+06  -1.1878853e+07
  -8.6844696e+06   2.7826781e+06   1.9486369e+07   3.9870991e+06  -1.0801899e+07  -6.7697772e+06
   3.6068539e+06   7.3026304e+05   3.9870991e+06   8.5778104e+06  -7.5939530e+06  -9.3080734e+06
  -6.6120418e+04   1.8553932e+06  -1.0801899e+07  -7.5939530e+06   1.0868019e+07   5.7385598e+06
   1.0312173e+06  -1.1878853e+07  -6.7697772e+06  -9.3080734e+06   5.7385598e+06   2.1186927e+07
