   9.2182263e+06   4.6103601e+06  -2.1059279e+06   1.5750997e+06  -7.1122984e+06  -6.1854598e+06
   4.6103601e+06   1.9562702e+07   7.5092386e+05  -1.5598534e+07  -5.3612840e+06  -3.9641680e+06
  -2.1059279e+06   7.5092386e+05   1.0797320e+07  -5.9315070e+06  -8.6913925e+06   5.1805831e+06
   1.5750997e+06  -1.5598534e+07  -5.9315070e+06   1.7298811e+07   4.3564073e+06  -1.7002763e+06
  -7.1122984e+06  -5.3612840e+06  -8.6913925e+06   4.3564073e+06   1.5803691e+07   1.0048767e+06
  -6.1854598e+06  -3.9641680e+06   5.1805831e+06  -1.7002763e+06   1.0048767e+06   5.6644443e+06
