   1.4373381e+07  -3.4250393e+06  -7.0854536e+06  -2.7264344e+06  -7.2879279e+06   6.1514737e+06
  -3.4250393e+06   6.8140262e+06  -3.5506102e+06   1.9435974e+06   6.9756495e+06  -8.7576236e+06
  -7.0854536e+06  -3.5506102e+06   1.0109024e+07   5.5031945e+06  -3.0235707e+06  -1.9525843e+06
  -2.7264344e+06   1.9435974e+06   5.5031945e+06   1.4510479e+07  -2.7767601e+06  -1.6454076e+07
  -7.2879279e+06   6.9756495e+06  -3.0235707e+06  -2.7767601e+06   1.0311499e+07  -4.1988894e+06
   6.1514737e+06  -8.7576236e+06  -1.9525843e+06  -1.6454076e+07  -4.1988894e+06   2.5211700e+07
