   6.7626331e+06   2.8352592e+06  -4.6042365e+05   3.6807571e+06  -6.3022094e+06  -6.5160163e+06
   2.8352592e+06   1.6322359e+07   2.8565812e+06  -1.0440831e+07  -5.6918405e+06  -5.8815284e+06
  -4.6042365e+05   2.8565812e+06   1.4093505e+07  -6.3538393e+06  -1.3633081e+07   3.4972581e+06
   3.6807571e+06  -1.0440831e+07  -6.3538393e+06   1.2504820e+07   2.6730823e+06  -2.0639889e+06
  -6.3022094e+06  -5.6918405e+06  -1.3633081e+07   2.6730823e+06   1.9935290e+07   3.0187582e+06
  -6.5160163e+06  -5.8815284e+06   3.4972581e+06  -2.0639889e+06   3.0187582e+06   7.9455173e+06
