   1.6822970e+07   4.5039607e+06  -1.7586000e+06  -4.7366243e+06  -1.5064370e+07   2.3266362e+05
   4.5039607e+06   8.5619782e+06  -5.5608001e+06  -6.8526897e+06   1.0568394e+06  -1.7092885e+06
  -1.7586000e+06  -5.5608001e+06   5.8366557e+06  -4.8618149e+05  -4.0780557e+06   6.0469816e+06
  -4.7366243e+06  -6.8526897e+06  -4.8618149e+05   1.6591559e+07   5.2228058e+06  -9.7388693e+06
  -1.5064370e+07   1.0568394e+06  -4.0780557e+06   5.2228058e+06   1.9142426e+07  -6.2796452e+06
   2.3266362e+05  -1.7092885e+06   6.0469816e+06  -9.7388693e+06  -6.2796452e+06   1.1448158e+07
