   1.2708866e+07  -6.8677177e+06  -9.0555598e+06   4.3418719e+06  -3.6533064e+06   2.5258458e+06
  -6.8677177e+06   1.7513559e+07   3.5176961e+06  -4.5397406e+05   3.3500216e+06  -1.7059585e+07
  -9.0555598e+06   3.5176961e+06   1.3935183e+07   1.9301576e+06  -4.8796230e+06  -5.4478537e+06
   4.3418719e+06  -4.5397406e+05   1.9301576e+06   5.4416868e+06  -6.2720295e+06  -4.9877127e+06
  -3.6533064e+06   3.3500216e+06  -4.8796230e+06  -6.2720295e+06   8.5329294e+06   2.9220078e+06
   2.5258458e+06  -1.7059585e+07  -5.4478537e+06  -4.9877127e+06   2.9220078e+06   2.2047298e+07
