   1.5061880e+07  -5.8068619e+06  -9.1031874e+06   1.0538024e+05  -5.9586929e+06   5.7014817e+06
  -5.8068619e+06   1.0702353e+07  -7.1879559e+05   2.1108323e+06   6.5256575e+06  -1.2813185e+07
  -9.1031874e+06  -7.1879559e+05   1.1815605e+07   4.9260531e+06  -2.7124177e+06  -4.2072575e+06
   1.0538024e+05   2.1108323e+06   4.9260531e+06   9.3019565e+06  -5.0314333e+06  -1.1412789e+07
  -5.9586929e+06   6.5256575e+06  -2.7124177e+06  -5.0314333e+06   8.6711107e+06  -1.4942242e+06
   5.7014817e+06  -1.2813185e+07  -4.2072575e+06  -1.1412789e+07  -1.4942242e+06   2.4225974e+07
