   7.5883501e+06  -4.1604152e+06  -8.5543475e+06   4.7653169e+06   9.6599736e+05  -6.0490173e+05
  -4.1604152e+06   1.1570402e+07   3.9411411e+06  -8.4294574e+05   2.1927410e+05  -1.0727456e+07
  -8.5543475e+06   3.9411411e+06   2.2175317e+07   2.3431259e+06  -1.3620970e+07  -6.2842670e+06
   4.7653169e+06  -8.4294574e+05   2.3431259e+06   8.2804186e+06  -7.1084428e+06  -7.4374728e+06
   9.6599736e+05   2.1927410e+05  -1.3620970e+07  -7.1084428e+06   1.2654972e+07   6.8891687e+06
  -6.0490173e+05  -1.0727456e+07  -6.2842670e+06  -7.4374728e+06   6.8891687e+06   1.8164929e+07
