   1.4229475e+07   3.3480037e+06  -1.9424000e+06  -4.8858439e+06  -1.2287075e+07   1.5378402e+06
   3.3480037e+06   6.6992111e+06  -5.7100198e+06  -6.1502498e+06   2.3620161e+06  -5.4896134e+05
  -1.9424000e+06  -5.7100198e+06   6.9482624e+06  -1.8843998e+05  -5.0058623e+06   5.8984597e+06
  -4.8858439e+06  -6.1502498e+06  -1.8843998e+05   1.9841558e+07   5.0742839e+06  -1.3691308e+07
  -1.2287075e+07   2.3620161e+06  -5.0058623e+06   5.0742839e+06   1.7292938e+07  -7.4363000e+06
   1.5378402e+06  -5.4896134e+05   5.8984597e+06  -1.3691308e+07  -7.4363000e+06   1.4240269e+07
