   1.6464674e+07   3.7744721e+05  -1.0057405e+07  -5.1709510e+06  -6.4072694e+06   4.7935038e+06
   3.7744721e+05   5.7806151e+06  -5.9951269e+06  -4.0412110e+06   5.6176796e+06  -1.7394040e+06
  -1.0057405e+07  -5.9951269e+06   1.1919373e+07   6.5475229e+06  -1.8619688e+06  -5.5239600e+05
  -5.1709510e+06  -4.0412110e+06   6.5475229e+06   1.9276253e+07  -1.3765718e+06  -1.5235042e+07
  -6.4072694e+06   5.6176796e+06  -1.8619688e+06  -1.3765718e+06   8.2692382e+06  -4.2411078e+06
   4.7935038e+06  -1.7394040e+06  -5.5239600e+05  -1.5235042e+07  -4.2411078e+06   1.6974446e+07
