   1.6305316e+07   4.2359290e+06  -3.3314606e+06  -5.1736487e+06  -1.2973855e+07   9.3771966e+05
   4.2359290e+06   8.1368425e+06  -5.9978245e+06  -7.4435005e+06   1.7618955e+06  -6.9334205e+05
  -3.3314606e+06  -5.9978245e+06   6.5129581e+06   5.9053714e+05  -3.1814975e+06   5.4072873e+06
  -5.1736487e+06  -7.4435005e+06   5.9053714e+05   1.8496476e+07   4.5831115e+06  -1.1052975e+07
  -1.2973855e+07   1.7618955e+06  -3.1814975e+06   4.5831115e+06   1.6155353e+07  -6.3450070e+06
   9.3771966e+05  -6.9334205e+05   5.4072873e+06  -1.1052975e+07  -6.3450070e+06   1.1746317e+07
