   1.6624330e+07  -6.0928446e+06  -1.2330024e+07   9.4042441e+05  -4.2943053e+06   5.1524202e+06
  -6.0928446e+06   1.1134346e+07   1.1624859e+05  -1.0251428e+05   5.9765960e+06  -1.1031832e+07
  -1.2330024e+07   1.1624859e+05   1.4865364e+07   4.6644617e+06  -2.5353396e+06  -4.7807103e+06
   9.4042441e+05  -1.0251428e+05   4.6644617e+06   8.5418322e+06  -5.6048861e+06  -8.4393180e+06
  -4.2943053e+06   5.9765960e+06  -2.5353396e+06  -5.6048861e+06   6.8296450e+06  -3.7170993e+05
   5.1524202e+06  -1.1031832e+07  -4.7807103e+06  -8.4393180e+06  -3.7170993e+05   1.9471150e+07
