   8.5453760e+06   1.2438421e+06  -3.2910248e+06   5.0987266e+06  -5.2543512e+06  -6.3425686e+06
   1.2438421e+06   2.4032490e+07   4.2745507e+06  -1.2494526e+07  -5.5183928e+06  -1.1537964e+07
  -3.2910248e+06   4.2745507e+06   1.2395950e+07  -5.4141904e+06  -9.1049253e+06   1.1396396e+06
   5.0987266e+06  -1.2494526e+07  -5.4141904e+06   1.0452949e+07   3.1546380e+05   2.0415772e+06
  -5.2543512e+06  -5.5183928e+06  -9.1049253e+06   3.1546380e+05   1.4359277e+07   5.2029290e+06
  -6.3425686e+06  -1.1537964e+07   1.1396396e+06   2.0415772e+06   5.2029290e+06   9.4963868e+06
