   1.2047401e+07  -6.1328636e+06  -8.3039567e+06   2.6255619e+06  -3.7434442e+06   3.5073017e+06
  -6.1328636e+06   1.3641928e+07   1.8013861e+06   1.9249865e+06   4.3314775e+06  -1.5566915e+07
  -8.3039567e+06   1.8013861e+06   1.3617286e+07   3.8806525e+06  -5.3133297e+06  -5.6820386e+06
   2.6255619e+06   1.9249865e+06   3.8806525e+06   7.2425820e+06  -6.5062144e+06  -9.1675684e+06
  -3.7434442e+06   4.3314775e+06  -5.3133297e+06  -6.5062144e+06   9.0567738e+06   2.1747368e+06
   3.5073017e+06  -1.5566915e+07  -5.6820386e+06  -9.1675684e+06   2.1747368e+06   2.4734483e+07
