   1.0344908e+07  -5.5234029e+06  -6.1179575e+06   4.9392028e+06  -4.2269503e+06   5.8420004e+05
  -5.5234029e+06   1.9640309e+07   4.1150270e+06   2.6605480e+05   1.4083759e+06  -1.9906364e+07
  -6.1179575e+06   4.1150270e+06   1.2810807e+07   1.4853543e+06  -6.6928492e+06  -5.6003813e+06
   4.9392028e+06   2.6605480e+05   1.4853543e+06   4.8455447e+06  -6.4245571e+06  -5.1115995e+06
  -4.2269503e+06   1.4083759e+06  -6.6928492e+06  -6.4245571e+06   1.0919800e+07   5.0161813e+06
   5.8420004e+05  -1.9906364e+07  -5.6003813e+06  -5.1115995e+06   5.0161813e+06   2.5017963e+07
