   1.3989122e+07  -6.9870565e+06  -9.5089002e+06   2.9308175e+06  -4.4802215e+06   4.0562390e+06
  -6.9870565e+06   1.5130724e+07   2.1066417e+06   8.2954852e+05   4.8804148e+06  -1.5960273e+07
  -9.5089002e+06   2.1066417e+06   1.3261475e+07   3.1994847e+06  -3.7525752e+06  -5.3061264e+06
   2.9308175e+06   8.2954852e+05   3.1994847e+06   6.3305205e+06  -6.1303023e+06  -7.1600690e+06
  -4.4802215e+06   4.8804148e+06  -3.7525752e+06  -6.1303023e+06   8.2327967e+06   1.2498874e+06
   4.0562390e+06  -1.5960273e+07  -5.3061264e+06  -7.1600690e+06   1.2498874e+06   2.3120342e+07
