   1.2331343e+07  -5.5410414e+05  -7.1580803e+06  -4.6054581e+06  -5.1732629e+06   5.1595623e+06
  -5.5410414e+05   4.3677691e+06  -5.4296339e+06  -1.5354777e+06   5.9837381e+06  -2.8322914e+06
  -7.1580803e+06  -5.4296339e+06   1.1866941e+07   6.3583921e+06  -4.7088609e+06  -9.2875820e+05
  -4.6054581e+06  -1.5354777e+06   6.3583921e+06   2.2312284e+07  -1.7529340e+06  -2.0776806e+07
  -5.1732629e+06   5.9837381e+06  -4.7088609e+06  -1.7529340e+06   9.8821238e+06  -4.2308041e+06
   5.1595623e+06  -2.8322914e+06  -9.2875820e+05  -2.0776806e+07  -4.2308041e+06   2.3609097e+07
