   7.5205470e+06  -4.0749495e+06  -5.2158896e+06   4.1209495e+06  -2.3046574e+06  -4.6000001e+04
  -4.0749495e+06   1.3613069e+07   3.2967736e+06   2.6161071e+06   7.7817582e+05  -1.6229176e+07
  -5.2158896e+06   3.2967736e+06   1.6262476e+07   3.6671192e+06  -1.1046586e+07  -6.9638929e+06
   4.1209495e+06   2.6161071e+06   3.6671192e+06   7.4884825e+06  -7.7880687e+06  -1.0104590e+07
  -2.3046574e+06   7.7817582e+05  -1.1046586e+07  -7.7880687e+06   1.3351244e+07   7.0098929e+06
  -4.6000001e+04  -1.6229176e+07  -6.9638929e+06  -1.0104590e+07   7.0098929e+06   2.6333765e+07
