   7.4093875e+06  -3.0082271e+06  -7.2632218e+06   6.9697623e+06  -1.4616569e+05  -3.9615352e+06
  -3.0082271e+06   1.8138392e+07   6.1455865e+06  -8.7459111e+06  -3.1373594e+06  -9.3924805e+06
  -7.2632218e+06   6.1455865e+06   1.9954632e+07  -4.7549979e+06  -1.2691410e+07  -1.3905885e+06
   6.9697623e+06  -8.7459111e+06  -4.7549979e+06   9.4599442e+06  -2.2147644e+06  -7.1403303e+05
  -1.4616569e+05  -3.1373594e+06  -1.2691410e+07  -2.2147644e+06   1.2837576e+07   5.3521237e+06
  -3.9615352e+06  -9.3924805e+06  -1.3905885e+06  -7.1403303e+05   5.3521237e+06   1.0106514e+07
