   1.2056345e+07  -6.1887385e+06  -1.0617321e+07   3.9539282e+06  -1.4390242e+06   2.2348103e+06
  -6.1887385e+06   1.3949766e+07   3.1297524e+06  -8.6201116e+05   3.0589861e+06  -1.3087755e+07
  -1.0617321e+07   3.1297524e+06   1.7237787e+07   2.6102811e+06  -6.6204666e+06  -5.7400335e+06
   3.9539282e+06  -8.6201116e+05   2.6102811e+06   6.8703859e+06  -6.5642093e+06  -6.0083747e+06
  -1.4390242e+06   3.0589861e+06  -6.6204666e+06  -6.5642093e+06   8.0594908e+06   3.5052232e+06
   2.2348103e+06  -1.3087755e+07  -5.7400335e+06  -6.0083747e+06   3.5052232e+06   1.9096129e+07
