  1.1538462e+007 -3.4410570e-006 -2.6469669e-006  5.7692308e+006 -1.1538462e+007 -5.7692308e+006
 -3.4410570e-006  3.2967033e+007  4.9450549e+006 -9.2643841e-007 -4.9450549e+006 -3.2967033e+007
 -2.6469669e-006  4.9450549e+006  8.2417582e+006  0.0000000e+000 -8.2417582e+006 -4.9450549e+006
  5.7692308e+006 -9.2643841e-007  0.0000000e+000  2.8846154e+006 -5.7692308e+006 -2.8846154e+006
 -1.1538462e+007 -4.9450549e+006 -8.2417582e+006 -5.7692308e+006  1.9780220e+007  1.0714286e+007
 -5.7692308e+006 -3.2967033e+007 -4.9450549e+006 -2.8846154e+006  1.0714286e+007  3.5851648e+007
