   1.7249889e+07   1.8226870e+06   2.3359419e+06  -4.5982008e+06  -1.9585831e+07   2.7755138e+06
   1.8226870e+06   6.4412292e+06  -5.4223766e+06  -1.4790504e+06   3.5996897e+06  -4.9621788e+06
   2.3359419e+06  -5.4223766e+06   5.8292453e+06  -1.9729041e+06  -8.1651873e+06   7.3952807e+06
  -4.5982008e+06  -1.4790504e+06  -1.9729041e+06   1.5103453e+07   6.5711049e+06  -1.3624402e+07
  -1.9585831e+07   3.5996897e+06  -8.1651873e+06   6.5711049e+06   2.7751018e+07  -1.0170795e+07
   2.7755138e+06  -4.9621788e+06   7.3952807e+06  -1.3624402e+07  -1.0170795e+07   1.8586581e+07
