   6.9026861e+06  -3.5402338e+06  -8.2453651e+06   6.5603980e+06   1.3426790e+06  -3.0201642e+06
  -3.5402338e+06   1.4169295e+07   5.7362221e+06  -5.5125033e+06  -2.1959884e+06  -8.6567912e+06
  -8.2453651e+06   5.7362221e+06   2.3626057e+07  -2.5712248e+06  -1.5380692e+07  -3.1649973e+06
   6.5603980e+06  -5.5125033e+06  -2.5712248e+06   8.8561151e+06  -3.9891732e+06  -3.3436118e+06
   1.3426790e+06  -2.1959884e+06  -1.5380692e+07  -3.9891732e+06   1.4038013e+07   6.1851615e+06
  -3.0201642e+06  -8.6567912e+06  -3.1649973e+06  -3.3436118e+06   6.1851615e+06   1.2000403e+07
