   1.1137885e+07   5.4659587e+06   4.6838959e+06   3.0327208e+05  -1.5821781e+07  -5.7692308e+06
   5.4659587e+06   1.1585928e+07  -5.2090375e+05  -6.0483043e+06  -4.9450549e+06  -5.5376234e+06
   4.6838959e+06  -5.2090375e+05   1.0507928e+07  -5.2483270e+06  -1.5191824e+07   5.7692308e+06
   3.0327208e+05  -6.0483043e+06  -5.2483270e+06   1.1365443e+07   4.9450549e+06  -5.3171383e+06
  -1.5821781e+07  -4.9450549e+06  -1.5191824e+07   4.9450549e+06   3.1013605e+07   3.5926833e-05
  -5.7692308e+06  -5.5376234e+06   5.7692308e+06  -5.3171383e+06   3.5926833e-05   1.0854762e+07
