   1.5002013e+07   4.0334053e+06  -2.0386751e+06  -4.8077417e+06  -1.2963338e+07   7.7433639e+05
   4.0334053e+06   7.6568744e+06  -5.6319175e+06  -7.0233395e+06   1.5985122e+06  -6.3353492e+05
  -2.0386751e+06  -5.6319175e+06   6.6160061e+06  -3.6008243e+05  -4.5773310e+06   5.9920000e+06
  -4.8077417e+06  -7.0233395e+06  -3.6008243e+05   1.8862071e+07   5.1678241e+06  -1.1838731e+07
  -1.2963338e+07   1.5985122e+06  -4.5773310e+06   5.1678241e+06   1.7540669e+07  -6.7663364e+06
   7.7433639e+05  -6.3353492e+05   5.9920000e+06  -1.1838731e+07  -6.7663364e+06   1.2472266e+07
