   1.4840581e+07   3.2209628e+04  -8.2133790e+06  -4.9628392e+06  -6.6272022e+06   4.9306296e+06
   3.2209628e+04   5.1943486e+06  -5.7870151e+06  -2.9230598e+06   5.7548054e+06  -2.2712888e+06
  -8.2133790e+06  -5.7870151e+06   1.0953534e+07   5.9256317e+06  -2.7401546e+06  -1.3861665e+05
  -4.9628392e+06  -2.9230598e+06   5.9256317e+06   1.9952740e+07  -9.6279247e+05  -1.7029681e+07
  -6.6272022e+06   5.7548054e+06  -2.7401546e+06  -9.6279247e+05   9.3673568e+06  -4.7920130e+06
   4.9306296e+06  -2.2712888e+06  -1.3861665e+05  -1.7029681e+07  -4.7920130e+06   1.9300969e+07
