   1.6411850e+07  -5.9140253e+06  -1.1166859e+07   3.9252033e+05  -5.2449910e+06   5.5215050e+06
  -5.9140253e+06   1.0788813e+07  -4.3165549e+05   6.7793497e+05   6.3456808e+06  -1.1466748e+07
  -1.1166859e+07  -4.3165549e+05   1.3392515e+07   4.8526334e+06  -2.2256564e+06  -4.4209779e+06
   3.9252033e+05   6.7793497e+05   4.8526334e+06   8.8570272e+06  -5.2451537e+06  -9.5349622e+06
  -5.2449910e+06   6.3456808e+06  -2.2256564e+06  -5.2451537e+06   7.4706474e+06  -1.1005271e+06
   5.5215050e+06  -1.1466748e+07  -4.4209779e+06  -9.5349622e+06  -1.1005271e+06   2.1001710e+07
