   9.7517916e+06   5.3571429e+06  -1.5137708e+04   4.1208791e+05  -9.7366539e+06  -5.7692308e+06
   5.3571429e+06   1.5656671e+07  -4.1208791e+05  -1.2248842e+07  -4.9450549e+06  -3.4078289e+06
  -1.5137708e+04  -4.1208791e+05   9.7517916e+06  -5.3571429e+06  -9.7366539e+06   5.7692308e+06
   4.1208791e+05  -1.2248842e+07  -5.3571429e+06   1.5656671e+07   4.9450549e+06  -3.4078289e+06
  -9.7366539e+06  -4.9450549e+06  -9.7366539e+06   4.9450549e+06   1.9473308e+07   0.0000000e+00
  -5.7692308e+06  -3.4078289e+06   5.7692308e+06  -3.4078289e+06   0.0000000e+00   6.8156577e+06
