   1.5683135e+07   2.0155303e+06   3.8318726e+06  -4.3039419e+06  -1.9515008e+07   2.2884116e+06
   2.0155303e+06   6.0346468e+06  -5.1281177e+06  -1.3853791e+06   3.1125874e+06  -4.6492677e+06
   3.8318726e+06  -5.1281177e+06   6.9999050e+06  -3.2041406e+06  -1.0831778e+07   8.3322583e+06
  -4.3039419e+06  -1.3853791e+06  -3.2041406e+06   1.6076581e+07   7.5080825e+06  -1.4691202e+07
  -1.9515008e+07   3.1125874e+06  -1.0831778e+07   7.5080825e+06   3.0346786e+07  -1.0620670e+07
   2.2884116e+06  -4.6492677e+06   8.3322583e+06  -1.4691202e+07  -1.0620670e+07   1.9340469e+07
