   1.2628629e+07  -4.0049032e+06  -5.1019087e+06  -2.3443045e+06  -7.5267200e+06   6.3492077e+06
  -4.0049032e+06   7.3242553e+06  -3.1684803e+06   4.0980234e+06   7.1733835e+06  -1.1422279e+07
  -5.1019087e+06  -3.1684803e+06   9.5914359e+06   5.2688616e+06  -4.4895272e+06  -2.1003813e+06
  -2.3443045e+06   4.0980234e+06   5.2688616e+06   1.5276776e+07  -2.9245571e+06  -1.9374799e+07
  -7.5267200e+06   7.1733835e+06  -4.4895272e+06  -2.9245571e+06   1.2016247e+07  -4.2488264e+06
   6.3492077e+06  -1.1422279e+07  -2.1003813e+06  -1.9374799e+07  -4.2488264e+06   3.0797078e+07
