   5.2248376e+06   6.2553683e+05  -2.1245211e+06   5.3861049e+06  -3.1003165e+06  -6.0116417e+06
   6.2553683e+05   1.4770671e+07   4.5619291e+06  -8.6702246e+06  -5.1874659e+06  -6.1004467e+06
  -2.1245211e+06   4.5619291e+06   1.9064860e+07  -6.3275804e+06  -1.6940339e+07   1.7656514e+06
   5.3861049e+06  -8.6702246e+06  -6.3275804e+06   1.1527574e+07   9.4147555e+05  -2.8573493e+06
  -3.1003165e+06  -5.1874659e+06  -1.6940339e+07   9.4147555e+05   2.0040656e+07   4.2459904e+06
  -6.0116417e+06  -6.1004467e+06   1.7656514e+06  -2.8573493e+06   4.2459904e+06   8.9577960e+06
