   1.6735938e+07   1.5598929e+06  -4.8657627e+06  -5.3209040e+06  -1.1870175e+07   3.7610111e+06
   1.5598929e+06   6.1617505e+06  -6.1450799e+06  -3.8655449e+06   4.5851870e+06  -2.2962056e+06
  -4.8657627e+06  -6.1450799e+06   7.0968750e+06   2.6721175e+06  -2.2311123e+06   3.4729624e+06
  -5.3209040e+06  -3.8655449e+06   2.6721175e+06   1.7858504e+07   2.6487865e+06  -1.3992959e+07
  -1.1870175e+07   4.5851870e+06  -2.2311123e+06   2.6487865e+06   1.4101287e+07  -7.2339735e+06
   3.7610111e+06  -2.2962056e+06   3.4729624e+06  -1.3992959e+07  -7.2339735e+06   1.6289165e+07
