   1.1770359e+07   6.0161522e+06   2.1712028e+06  -4.4149605e+05  -1.3941562e+07  -5.5746561e+06
   6.0161522e+06   1.3467041e+07  -1.2656719e+06  -8.8898085e+06  -4.7504803e+06  -4.5772322e+06
   2.1712028e+06  -1.2656719e+06   8.4798885e+06  -4.6492132e+06  -1.0651091e+07   5.9148850e+06
  -4.4149605e+05  -8.8898085e+06  -4.6492132e+06   1.2929782e+07   5.0907092e+06  -4.0399739e+06
  -1.3941562e+07  -4.7504803e+06  -1.0651091e+07   5.0907092e+06   2.4592653e+07  -3.4022890e+05
  -5.5746561e+06  -4.5772322e+06   5.9148850e+06  -4.0399739e+06  -3.4022890e+05   8.6172061e+06
