   1.6233740e+07  -6.9085626e+06  -1.1633613e+07   1.9753452e+06  -4.6001267e+06   4.9332174e+06
  -6.9085626e+06   1.3163358e+07   1.1511694e+06   3.6780506e+04   5.7573932e+06  -1.3200138e+07
  -1.1633613e+07   1.1511694e+06   1.4195014e+07   3.8003863e+06  -2.5614010e+06  -4.9515556e+06
   1.9753452e+06   3.6780506e+04   3.8003863e+06   7.2244912e+06  -5.7757315e+06  -7.2612717e+06
  -4.6001267e+06   5.7573932e+06  -2.5614010e+06  -5.7757315e+06   7.1615277e+06   1.8338292e+04
   4.9332174e+06  -1.3200138e+07  -4.9515556e+06  -7.2612717e+06   1.8338292e+04   2.0461410e+07
