   9.0944905e+06   4.8713645e+06   4.1961715e+06   1.4703040e+06  -1.3290662e+07  -6.3416685e+06
   4.8713645e+06   1.2052453e+07   6.4612822e+05  -6.3584739e+06  -5.5174927e+06  -5.6939795e+06
   4.1961715e+06   6.4612822e+05   1.2392675e+07  -5.6614853e+06  -1.6588847e+07   5.0153571e+06
   1.4703040e+06  -6.3584739e+06  -5.6614853e+06   1.1244798e+07   4.1911812e+06  -4.8863238e+06
  -1.3290662e+07  -5.5174927e+06  -1.6588847e+07   4.1911812e+06   2.9879509e+07   1.3263114e+06
  -6.3416685e+06  -5.6939795e+06   5.0153571e+06  -4.8863238e+06   1.3263114e+06   1.0580303e+07
