   9.9069011e+06  -5.3310510e+06  -8.6403993e+06   6.1395325e+06  -1.2665018e+06  -8.0848151e+05
  -5.3310510e+06   1.8385267e+07   5.3153567e+06  -4.0603531e+06   1.5694313e+04  -1.4324914e+07
  -8.6403993e+06   5.3153567e+06   1.7134895e+07  -7.6994988e+05  -8.4944957e+06  -4.5454068e+06
   6.1395325e+06  -4.0603531e+06  -7.6994988e+05   6.0691900e+06  -5.3695826e+06  -2.0088368e+06
  -1.2665018e+06   1.5694313e+04  -8.4944957e+06  -5.3695826e+06   9.7609975e+06   5.3538883e+06
  -8.0848151e+05  -1.4324914e+07  -4.5454068e+06  -2.0088368e+06   5.3538883e+06   1.6333751e+07
