   6.9055047e+06  -3.4407679e+06  -5.0022112e+06   5.1604889e+06  -1.9032935e+06  -1.7197210e+06
  -3.4407679e+06   1.4718876e+07   4.3363131e+06   4.2569120e+05  -8.9554519e+05  -1.5144567e+07
  -5.0022112e+06   4.3363131e+06   1.7394721e+07   1.7878763e+06  -1.2392510e+07  -6.1241894e+06
   5.1604889e+06   4.2569120e+05   1.7878763e+06   6.4732133e+06  -6.9483652e+06  -6.8989045e+06
  -1.9032935e+06  -8.9554519e+05  -1.2392510e+07  -6.9483652e+06   1.4295803e+07   7.8439104e+06
  -1.7197210e+06  -1.5144567e+07  -6.1241894e+06  -6.8989045e+06   7.8439104e+06   2.2043472e+07
