   1.4736918e+07   4.6187893e+06  -4.7239800e+06  -5.4682120e+06  -1.0012938e+07   8.4942271e+05
   4.6187893e+06   8.4595080e+06  -6.2923878e+06  -9.6861027e+06   1.6735985e+06   1.2265947e+06
  -4.7239800e+06  -6.2923878e+06   7.9672833e+06   1.2728330e+06  -3.2433033e+06   5.0195548e+06
  -5.4682120e+06  -9.6861027e+06   1.2728330e+06   2.2332007e+07   4.1953790e+06  -1.2645905e+07
  -1.0012938e+07   1.6735985e+06  -3.2433033e+06   4.1953790e+06   1.3256241e+07  -5.8689775e+06
   8.4942271e+05   1.2265947e+06   5.0195548e+06  -1.2645905e+07  -5.8689775e+06   1.1419310e+07
