   1.2840646e+07   4.1328504e+06  -1.5973340e+06  -4.4434169e+06  -1.1243312e+07   3.1056649e+05
   4.1328504e+06   7.5462646e+06  -5.2675927e+06  -8.1009305e+06   1.1347423e+06   5.5466587e+05
  -1.5973340e+06  -5.2675927e+06   7.6046553e+06  -1.2395931e+06  -6.0073213e+06   6.5071858e+06
  -4.4434169e+06  -8.1009305e+06  -1.2395931e+06   2.1298257e+07   5.6830100e+06  -1.3197327e+07
  -1.1243312e+07   1.1347423e+06  -6.0073213e+06   5.6830100e+06   1.7250633e+07  -6.8177523e+06
   3.1056649e+05   5.5466587e+05   6.5071858e+06  -1.3197327e+07  -6.8177523e+06   1.2642661e+07
