   1.2480924e+07   4.0592162e+06   2.6868611e+06  -3.0314485e+06  -1.5167785e+07  -1.0277677e+06
   4.0592162e+06   7.4049479e+06  -3.8556243e+06  -5.6432235e+06  -2.0359189e+05  -1.7617243e+06
   2.6868611e+06  -3.8556243e+06   8.1978250e+06  -4.1488395e+06  -1.0884686e+07   8.0044638e+06
  -3.0314485e+06  -5.6432235e+06  -4.1488395e+06   1.7143022e+07   7.1802880e+06  -1.1499798e+07
  -1.5167785e+07  -2.0359189e+05  -1.0884686e+07   7.1802880e+06   2.6052471e+07  -6.9766961e+06
  -1.0277677e+06  -1.7617243e+06   8.0044638e+06  -1.1499798e+07  -6.9766961e+06   1.3261523e+07
