   9.9290751e+06   5.4494514e+06  -2.5333763e+05   5.0439646e+05  -9.6757375e+06  -5.9538479e+06
   5.4494514e+06   1.6459500e+07  -3.1977936e+05  -1.2633108e+07  -5.1296720e+06  -3.8263925e+06
  -2.5333763e+05  -3.1977936e+05   9.5841143e+06  -5.2648343e+06  -9.3307766e+06   5.5846137e+06
   5.0439646e+05  -1.2633108e+07  -5.2648343e+06   1.5473898e+07   4.7604378e+06  -2.8407899e+06
  -9.6757375e+06  -5.1296720e+06  -9.3307766e+06   4.7604378e+06   1.9006514e+07   3.6923421e+05
  -5.9538479e+06  -3.8263925e+06   5.5846137e+06  -2.8407899e+06   3.6923421e+05   6.6671824e+06
