   1.4119070e+07  -5.5452577e+06  -9.9477103e+06   5.7337847e+05  -4.1713593e+06   4.9718793e+06
  -5.5452577e+06   1.0265766e+07  -2.5079736e+05   1.5069231e+06   5.7960551e+06  -1.1772689e+07
  -9.9477103e+06  -2.5079736e+05   1.3744117e+07   5.1707182e+06  -3.7964071e+06  -4.9199208e+06
   5.7337847e+05   1.5069231e+06   5.1707182e+06   9.4847309e+06  -5.7440966e+06  -1.0991654e+07
  -4.1713593e+06   5.7960551e+06  -3.7964071e+06  -5.7440966e+06   7.9677664e+06  -5.1958448e+04
   4.9718793e+06  -1.1772689e+07  -4.9199208e+06  -1.0991654e+07  -5.1958448e+04   2.2764343e+07
