   1.6670160e+07  -4.4818995e+06  -1.4120756e+07  -4.6315541e+05  -2.5494036e+06   4.9450549e+06
  -4.4818995e+06   8.5082800e+06  -1.2873312e+06  -1.2242696e+06   5.7692308e+06  -7.2840103e+06
  -1.4120756e+07  -1.2873312e+06   1.7665875e+07   6.2323862e+06  -3.5451192e+06  -4.9450549e+06
  -4.6315541e+05  -1.2242696e+06   6.2323862e+06   1.1353181e+07  -5.7692308e+06  -1.0128912e+07
  -2.5494036e+06   5.7692308e+06  -3.5451192e+06  -5.7692308e+06   6.0945228e+06   0.0000000e+00
   4.9450549e+06  -7.2840103e+06  -4.9450549e+06  -1.0128912e+07   0.0000000e+00   1.7412922e+07
