   1.0747167e+07   4.7352117e+06  -2.9774451e+06  -4.0994391e+06  -7.7697219e+06  -6.3577268e+05
   4.7352117e+06   9.1872215e+06  -4.9236149e+06  -1.2349852e+07   1.8840314e+05   3.1626301e+06
  -2.9774451e+06  -4.9236149e+06   9.6734693e+06  -1.7623508e+06  -6.6960242e+06   6.6859656e+06
  -4.0994391e+06  -1.2349852e+07  -1.7623508e+06   2.6952223e+07   5.8617898e+06  -1.4602372e+07
  -7.7697219e+06   1.8840314e+05  -6.6960242e+06   5.8617898e+06   1.4465746e+07  -6.0501930e+06
  -6.3577268e+05   3.1626301e+06   6.6859656e+06  -1.4602372e+07  -6.0501930e+06   1.1439742e+07
