   2.1101628e+07  -2.7219488e+06  -8.3027663e+06  -3.7242841e+06  -1.2798862e+07   6.4462329e+06
  -2.7219488e+06   8.1251382e+06  -4.5484599e+06  -3.2652863e+05   7.2704087e+06  -7.7986096e+06
  -8.3027663e+06  -4.5484599e+06   7.7734825e+06   4.2577606e+06   5.2928381e+05   2.9069937e+05
  -3.7242841e+06  -3.2652863e+05   4.2577606e+06   1.1717195e+07  -5.3347646e+05  -1.1390667e+07
  -1.2798862e+07   7.2704087e+06   5.2928381e+05  -5.3347646e+05   1.2269578e+07  -6.7369322e+06
   6.4462329e+06  -7.7986096e+06   2.9069937e+05  -1.1390667e+07  -6.7369322e+06   1.9189276e+07
