   1.0145153e+07   5.5732408e+06  -4.0133649e+05   1.9598996e+05  -9.7438168e+06  -5.7692308e+06
   5.5732408e+06   1.6278867e+07  -6.2818587e+05  -1.2868531e+07  -4.9450549e+06  -3.4103359e+06
  -4.0133649e+05  -6.2818587e+05   9.3895359e+06  -5.1410449e+06  -8.9881994e+06   5.7692308e+06
   1.9598996e+05  -1.2868531e+07  -5.1410449e+06   1.6014401e+07   4.9450549e+06  -3.1458698e+06
  -9.7438168e+06  -4.9450549e+06  -8.9881994e+06   4.9450549e+06   1.8732016e+07   0.0000000e+00
  -5.7692308e+06  -3.4103359e+06   5.7692308e+06  -3.1458698e+06   0.0000000e+00   6.5562057e+06
