   6.3428487e+06  -1.5461310e+05  -2.7820089e+06   5.8317685e+06  -3.5608398e+06  -5.6771554e+06
  -1.5461310e+05   1.8114593e+07   5.0075927e+06  -7.4027297e+06  -4.8529796e+06  -1.0711864e+07
  -2.7820089e+06   5.0075927e+06   1.6213028e+07  -4.3589962e+06  -1.3431019e+07  -6.4859650e+05
   5.8317685e+06  -7.4027297e+06  -4.3589962e+06   8.2749645e+06  -1.4727723e+06  -8.7223479e+05
  -3.5608398e+06  -4.8529796e+06  -1.3431019e+07  -1.4727723e+06   1.6991859e+07   6.3257519e+06
  -5.6771554e+06  -1.0711864e+07  -6.4859650e+05  -8.7223479e+05   6.3257519e+06   1.1584098e+07
