   8.1933741e+06  -2.9414341e+06  -8.5142445e+06   7.5236687e+06   3.2087047e+05  -4.5822345e+06
  -2.9414341e+06   2.0913018e+07   6.6994929e+06  -1.3743247e+07  -3.7580587e+06  -7.1697716e+06
  -8.5142445e+06   6.6994929e+06   2.0454280e+07  -7.4370529e+06  -1.1940036e+07   7.3756008e+05
   7.5236687e+06  -1.3743247e+07  -7.4370529e+06   1.3578817e+07  -8.6615744e+04   1.6443014e+05
   3.2087047e+05  -3.7580587e+06  -1.1940036e+07  -8.6615744e+04   1.1619165e+07   3.8446745e+06
  -4.5822345e+06  -7.1697716e+06   7.3756008e+05   1.6443014e+05   3.8446745e+06   7.0053414e+06
