   7.1058397e+06   3.7518972e+06   1.4784932e+06   2.6716546e+06  -8.5843329e+06  -6.4235518e+06
   3.7518972e+06   1.3853819e+07   1.8474787e+06  -8.8669667e+06  -5.5993760e+06  -4.9868523e+06
   1.4784932e+06   1.8474787e+06   1.3690592e+07  -6.2883754e+06  -1.5169085e+07   4.4408966e+06
   2.6716546e+06  -8.8669667e+06  -6.2883754e+06   1.2539525e+07   3.6167208e+06  -3.6725583e+06
  -8.5843329e+06  -5.5993760e+06  -1.5169085e+07   3.6167208e+06   2.3753418e+07   1.9826552e+06
  -6.4235518e+06  -4.9868523e+06   4.4408966e+06  -3.6725583e+06   1.9826552e+06   8.6594105e+06
