  8.2417582e+006  1.7079671e-005 -8.2417582e+006 -4.9450549e+006  3.9669367e-006  4.9450549e+006
  1.7079671e-005  2.8846154e+006 -5.7692308e+006 -2.8846154e+006  5.7692308e+006  4.7503540e-005
 -8.2417582e+006 -5.7692308e+006  1.9780220e+007  1.0714286e+007 -1.1538462e+007 -4.9450549e+006
 -4.9450549e+006 -2.8846154e+006  1.0714286e+007  3.5851648e+007 -5.7692308e+006 -3.2967033e+007
  3.9669367e-006  5.7692308e+006 -1.1538462e+007 -5.7692308e+006  1.1538462e+007 -1.8754522e-005
  4.9450549e+006  4.7503540e-005 -4.9450549e+006 -3.2967033e+007 -1.8754522e-005  3.2967033e+007
