   1.8730581e+07   4.5189698e+06  -3.4187722e+06  -5.2255926e+06  -1.5311809e+07   7.0662278e+05
   4.5189698e+06   8.9412620e+06  -6.0497684e+06  -7.0007243e+06   1.5307986e+06  -1.9405377e+06
  -3.4187722e+06  -6.0497684e+06   5.7011160e+06   6.8255863e+05  -2.2823438e+06   5.3672098e+06
  -5.2255926e+06  -7.0007243e+06   6.8255863e+05   1.6117115e+07   4.5430340e+06  -9.1163911e+06
  -1.5311809e+07   1.5307986e+06  -2.2823438e+06   4.5430340e+06   1.7594152e+07  -6.0738326e+06
   7.0662278e+05  -1.9405377e+06   5.3672098e+06  -9.1163911e+06  -6.0738326e+06   1.1056929e+07
