   1.9656320e+07  -2.1391982e+06  -7.9713594e+06  -3.9713553e+06  -1.1684961e+07   6.1105535e+06
  -2.1391982e+06   7.3680782e+06  -4.7955311e+06  -5.6625871e+05   6.9347293e+06  -6.8018195e+06
  -7.9713594e+06  -4.7955311e+06   8.0706754e+06   4.4336262e+06  -9.9315952e+04   3.6190496e+05
  -3.9713553e+06  -5.6625871e+05   4.4336262e+06   1.2950169e+07  -4.6227086e+05  -1.2383910e+07
  -1.1684961e+07   6.9347293e+06  -9.9315952e+04  -4.6227086e+05   1.1784277e+07  -6.4724585e+06
   6.1105535e+06  -6.8018195e+06   3.6190496e+05  -1.2383910e+07  -6.4724585e+06   1.9185730e+07
