   6.7510788e+06  -2.1741169e+06  -7.5428174e+06   7.1812771e+06   7.9173863e+05  -5.0071602e+06
  -2.1741169e+06   1.7682122e+07   6.3571013e+06  -1.2589535e+07  -4.1829844e+06  -5.0925867e+06
  -7.5428174e+06   6.3571013e+06   2.2513632e+07  -7.8758151e+06  -1.4970815e+07   1.5187139e+06
   7.1812771e+06  -1.2589535e+07  -7.8758151e+06   1.4341809e+07   6.9453803e+05  -1.7522733e+06
   7.9173863e+05  -4.1829844e+06  -1.4970815e+07   6.9453803e+05   1.4179076e+07   3.4884464e+06
  -5.0071602e+06  -5.0925867e+06   1.5187139e+06  -1.7522733e+06   3.4884464e+06   6.8448600e+06
