   1.4125005e+07  -4.1359149e+06  -6.9070803e+06  -2.0981969e+06  -7.2179243e+06   6.2341119e+06
  -4.1359149e+06   7.6686315e+06  -2.9223728e+06   2.7658480e+06   7.0582877e+06  -1.0434479e+07
  -6.9070803e+06  -2.9223728e+06   1.0110083e+07   5.4153555e+06  -3.2030027e+06  -2.4929827e+06
  -2.0981969e+06   2.7658480e+06   5.4153555e+06   1.3398365e+07  -3.3171586e+06  -1.6164213e+07
  -7.2179243e+06   7.0582877e+06  -3.2030027e+06  -3.3171586e+06   1.0420927e+07  -3.7411291e+06
   6.2341119e+06  -1.0434479e+07  -2.4929827e+06  -1.6164213e+07  -3.7411291e+06   2.6598693e+07
