   8.6892507e+06  -4.6856963e+06  -8.6384366e+06   6.0928293e+06  -5.0814182e+04  -1.4071330e+06
  -4.6856963e+06   1.6012759e+07   5.2686535e+06  -3.9192782e+06  -5.8295716e+05  -1.2093481e+07
  -8.6384366e+06   5.2686535e+06   1.9532156e+07  -7.6228656e+05  -1.0893719e+07  -4.5063669e+06
   6.0928293e+06  -3.9192782e+06  -7.6228656e+05   6.8981210e+06  -5.3305428e+06  -2.9788428e+06
  -5.0814182e+04  -5.8295716e+05  -1.0893719e+07  -5.3305428e+06   1.0944533e+07   5.9134999e+06
  -1.4071330e+06  -1.2093481e+07  -4.5063669e+06  -2.9788428e+06   5.9134999e+06   1.5072324e+07
