   9.4710210e+06  -5.1038657e+06  -9.8231007e+06   4.6653868e+06   3.5207970e+05   4.3847888e+05
  -5.1038657e+06   1.2881926e+07   3.8412110e+06  -1.3689573e+06   1.2626547e+06  -1.1512969e+07
  -9.8231007e+06   3.8412110e+06   2.0229130e+07   2.0785085e+06  -1.0406030e+07  -5.9197195e+06
   4.6653868e+06  -1.3689573e+06   2.0785085e+06   7.5276984e+06  -6.7438953e+06  -6.1587412e+06
   3.5207970e+05   1.2626547e+06  -1.0406030e+07  -6.7438953e+06   1.0053950e+07   5.4812406e+06
   4.3847888e+05  -1.1512969e+07  -5.9197195e+06  -6.1587412e+06   5.4812406e+06   1.7671710e+07
