   9.6962515e+06  -5.3266319e+06  -9.6255737e+06   5.7082089e+06  -7.0677797e+04  -3.8157699e+05
  -5.3266319e+06   1.5567500e+07   4.8840331e+06  -3.2294877e+06   4.4259884e+05  -1.2338012e+07
  -9.6255737e+06   4.8840331e+06   1.9363037e+07   1.2204370e+05  -9.7374636e+06  -5.0060768e+06
   5.7082089e+06  -3.2294877e+06   1.2204370e+05   6.7786607e+06  -5.8302526e+06  -3.5491730e+06
  -7.0677797e+04   4.4259884e+05  -9.7374636e+06  -5.8302526e+06   9.8081414e+06   5.3876538e+06
  -3.8157699e+05  -1.2338012e+07  -5.0060768e+06  -3.5491730e+06   5.3876538e+06   1.5887185e+07
