   1.0347518e+07   5.6840750e+06  -8.6238615e+05  -3.3075399e+03  -9.4851322e+06  -5.6807675e+06
   5.6840750e+06   1.6734217e+07  -8.2748336e+05  -1.3618496e+07  -4.8565916e+06  -3.1157204e+06
  -8.6238615e+05  -8.2748336e+05   9.2622132e+06  -5.0186576e+06  -8.3998270e+06   5.8461410e+06
  -3.3075399e+03  -1.3618496e+07  -5.0186576e+06   1.6765688e+07   5.0219651e+06  -3.1471915e+06
  -9.4851322e+06  -4.8565916e+06  -8.3998270e+06   5.0219651e+06   1.7884959e+07  -1.6537352e+05
  -5.6807675e+06  -3.1157204e+06   5.8461410e+06  -3.1471915e+06  -1.6537352e+05   6.2629118e+06
