   1.1300350e+07  -6.2060036e+06  -1.1617307e+07   6.9228223e+06   3.1695737e+05  -7.1681875e+05
  -6.2060036e+06   1.8466426e+07   6.0986465e+06  -6.7634645e+06   1.0735708e+05  -1.1702961e+07
  -1.1617307e+07   6.0986465e+06   2.0358577e+07  -2.2060385e+06  -8.7412692e+06  -3.8926080e+06
   6.9228223e+06  -6.7634645e+06  -2.2060385e+06   7.6269043e+06  -4.7167838e+06  -8.6343986e+05
   3.1695737e+05   1.0735708e+05  -8.7412692e+06  -4.7167838e+06   8.4243118e+06   4.6094267e+06
  -7.1681875e+05  -1.1702961e+07  -3.8926080e+06  -8.6343986e+05   4.6094267e+06   1.2566401e+07
