   7.1383242e+06   2.8760651e+06  -5.6831271e+05   3.8247645e+06  -6.5700115e+06  -6.7008296e+06
   2.8760651e+06   1.7529712e+07   3.0005887e+06  -1.0361354e+07  -5.8766538e+06  -7.1683577e+06
  -5.6831271e+05   3.0005887e+06   1.3367310e+07  -5.9291489e+06  -1.2798997e+07   2.9285602e+06
   3.8247645e+06  -1.0361354e+07  -5.9291489e+06   1.1549241e+07   2.1043844e+06  -1.1878869e+06
  -6.5700115e+06  -5.8766538e+06  -1.2798997e+07   2.1043844e+06   1.9369008e+07   3.7722694e+06
  -6.7008296e+06  -7.1683577e+06   2.9285602e+06  -1.1878869e+06   3.7722694e+06   8.3562446e+06
