   5.3463510e+06  -1.4499542e+05  -2.3627216e+06   5.8267766e+06  -2.9836293e+06  -5.6817812e+06
  -1.4499542e+05   1.5267116e+07   5.0026008e+06  -6.1435173e+06  -4.8576053e+06  -9.1235990e+06
  -2.3627216e+06   5.0026008e+06   1.8831473e+07  -4.2751265e+06  -1.6468751e+07  -7.2747425e+05
   5.8267766e+06  -6.1435173e+06  -4.2751265e+06   8.7010548e+06  -1.5516501e+06  -2.5575375e+06
  -2.9836293e+06  -4.8576053e+06  -1.6468751e+07  -1.5516501e+06   1.9452381e+07   6.4092554e+06
  -5.6817812e+06  -9.1235990e+06  -7.2747425e+05  -2.5575375e+06   6.4092554e+06   1.1681137e+07
