   9.7626753e+06   5.3571429e+06  -4.6110481e+05   4.1208791e+05  -9.3015704e+06  -5.7692308e+06
   5.3571429e+06   1.6233175e+07  -4.1208791e+05  -1.2977625e+07  -4.9450549e+06  -3.2555497e+06
  -4.6110481e+05  -4.1208791e+05   9.7626753e+06  -5.3571429e+06  -9.3015704e+06   5.7692308e+06
   4.1208791e+05  -1.2977625e+07  -5.3571429e+06   1.6233175e+07   4.9450549e+06  -3.2555497e+06
  -9.3015704e+06  -4.9450549e+06  -9.3015704e+06   4.9450549e+06   1.8603141e+07   0.0000000e+00
  -5.7692308e+06  -3.2555497e+06   5.7692308e+06  -3.2555497e+06   0.0000000e+00   6.5110993e+06
