   6.4503210e+06   2.0634554e+06  -1.8078991e+06   4.1888688e+06  -4.6424219e+06  -6.2523241e+06
   2.0634554e+06   1.6917071e+07   3.3646930e+06  -1.1860171e+07  -5.4281483e+06  -5.0569003e+06
  -1.8078991e+06   3.3646930e+06   1.5249739e+07  -6.9955019e+06  -1.3441840e+07   3.6308089e+06
   4.1888688e+06  -1.1860171e+07  -6.9955019e+06   1.3936269e+07   2.8066331e+06  -2.0760988e+06
  -4.6424219e+06  -5.4281483e+06  -1.3441840e+07   2.8066331e+06   1.8084262e+07   2.6215152e+06
  -6.2523241e+06  -5.0569003e+06   3.6308089e+06  -2.0760988e+06   2.6215152e+06   7.1329991e+06
