   5.5392485e+06  -4.6140807e+05  -1.4934437e+06   5.8316887e+06  -4.0458048e+06  -5.3702806e+06
  -4.6140807e+05   1.5746135e+07   5.0075129e+06  -2.3917268e+06  -4.5461048e+06  -1.3354408e+07
  -1.4934437e+06   5.0075129e+06   1.7570540e+07  -1.4587807e+06  -1.6077096e+07  -3.5487322e+06
   5.8316887e+06  -2.3917268e+06  -1.4587807e+06   6.4026867e+06  -4.3729080e+06  -4.0109598e+06
  -4.0458048e+06  -4.5461048e+06  -1.6077096e+07  -4.3729080e+06   2.0122901e+07   8.9190128e+06
  -5.3702806e+06  -1.3354408e+07  -3.5487322e+06  -4.0109598e+06   8.9190128e+06   1.7365368e+07
