   1.6924854e+07   3.4629884e+06   4.7614651e+05  -4.4621802e+06  -1.7401000e+07   9.9919180e+05
   3.4629884e+06   7.4502432e+06  -5.2863561e+06  -4.3435293e+06   1.8233676e+06  -3.1067139e+06
   4.7614651e+05  -5.2863561e+06   5.6321861e+06  -1.4266550e+06  -6.1083326e+06   6.7130110e+06
  -4.4621802e+06  -4.3435293e+06  -1.4266550e+06   1.5296609e+07   5.8888352e+06  -1.0953080e+07
  -1.7401000e+07   1.8233676e+06  -6.1083326e+06   5.8888352e+06   2.3509333e+07  -7.7122028e+06
   9.9919180e+05  -3.1067139e+06   6.7130110e+06  -1.0953080e+07  -7.7122028e+06   1.4059794e+07
