   1.2664697e+07   3.2377144e+06   1.5273631e+06  -3.9391498e+06  -1.4192060e+07   7.0143543e+05
   3.2377144e+06   6.2565146e+06  -4.7633256e+06  -4.9343516e+06   1.5256113e+06  -1.3221630e+06
   1.5273631e+06  -4.7633256e+06   7.6930420e+06  -3.0162357e+06  -9.2204051e+06   7.7795614e+06
  -3.9391498e+06  -4.9343516e+06  -3.0162357e+06   1.9091306e+07   6.9553856e+06  -1.4156955e+07
  -1.4192060e+07   1.5256113e+06  -9.2204051e+06   6.9553856e+06   2.3412466e+07  -8.4809968e+06
   7.0143543e+05  -1.3221630e+06   7.7795614e+06  -1.4156955e+07  -8.4809968e+06   1.5479118e+07
