   1.3462460e+07  -6.6282789e+06  -1.1725896e+07   3.8091602e+06  -1.7365636e+06   2.8191187e+06
  -6.6282789e+06   1.4102459e+07   2.9849844e+06  -1.3271385e+06   3.6432945e+06  -1.2775320e+07
  -1.1725896e+07   2.9849844e+06   1.7277218e+07   2.5887383e+06  -5.5513218e+06  -5.5737227e+06
   3.8091602e+06  -1.3271385e+06   2.5887383e+06   6.8682001e+06  -6.3978985e+06  -5.5410616e+06
  -1.7365636e+06   3.6432945e+06  -5.5513218e+06  -6.3978985e+06   7.2878854e+06   2.7546040e+06
   2.8191187e+06  -1.2775320e+07  -5.5737227e+06  -5.5410616e+06   2.7546040e+06   1.8316382e+07
