   9.0512014e+06   4.8412128e+06  -7.4795240e+05   1.2339324e+06  -8.3032490e+06  -6.0751453e+06
   4.8412128e+06   1.7102212e+07   4.0975659e+05  -1.3315572e+07  -5.2509694e+06  -3.7866400e+06
  -7.4795240e+05   4.0975659e+05   1.0568392e+07  -5.7885394e+06  -9.8204395e+06   5.3787828e+06
   1.2339324e+06  -1.3315572e+07  -5.7885394e+06   1.5927862e+07   4.5546070e+06  -2.6122896e+06
  -8.3032490e+06  -5.2509694e+06  -9.8204395e+06   4.5546070e+06   1.8123688e+07   6.9636245e+05
  -6.0751453e+06  -3.7866400e+06   5.3787828e+06  -2.6122896e+06   6.9636245e+05   6.3989296e+06
