   6.9044713e+06   3.7713733e+05  -3.7402491e+06   5.5383829e+06  -3.1642223e+06  -5.9155202e+06
   3.7713733e+05   1.9684170e+07   4.7142071e+06  -1.1878685e+07  -5.0913444e+06  -7.8054849e+06
  -3.7402491e+06   4.7142071e+06   1.5799425e+07  -6.4169711e+06  -1.2059175e+07   1.7027640e+06
   5.5383829e+06  -1.1878685e+07  -6.4169711e+06   1.1999509e+07   8.7858819e+05  -1.2082371e+05
  -3.1642223e+06  -5.0913444e+06  -1.2059175e+07   8.7858819e+05   1.5223398e+07   4.2127562e+06
  -5.9155202e+06  -7.8054849e+06   1.7027640e+06  -1.2082371e+05   4.2127562e+06   7.9263086e+06
