   1.5305768e+07  -6.0001067e+06  -1.3293016e+07   1.8701956e+06  -2.0127527e+06   4.1299111e+06
  -6.0001067e+06   1.1102452e+07   1.0460198e+06  -9.1901410e+05   4.9540869e+06  -1.0183438e+07
  -1.3293016e+07   1.0460198e+06   1.7758107e+07   4.4287382e+06  -4.4650915e+06  -5.4747580e+06
   1.8701956e+06  -9.1901410e+05   4.4287382e+06   8.6414960e+06  -6.2989338e+06  -7.7224819e+06
  -2.0127527e+06   4.9540869e+06  -4.4650915e+06  -6.2989338e+06   6.4778442e+06   1.3448469e+06
   4.1299111e+06  -1.0183438e+07  -5.4747580e+06  -7.7224819e+06   1.3448469e+06   1.7905920e+07
