   2.0216688e+07   5.8101817e+06  -1.7606641e+06  -4.6594771e+06  -1.8456024e+07  -1.1507046e+06
   5.8101817e+06   1.0820593e+07  -5.4836529e+06  -7.3376972e+06  -3.2652875e+05  -3.4828962e+06
  -1.7606641e+06  -5.4836529e+06   4.8572322e+06  -5.1258430e+05  -3.0965681e+06   5.9962372e+06
  -4.6594771e+06  -7.3376972e+06  -5.1258430e+05   1.3764403e+07   5.1720614e+06  -6.4267060e+06
  -1.8456024e+07  -3.2652875e+05  -3.0965681e+06   5.1720614e+06   2.1552592e+07  -4.8455326e+06
  -1.1507046e+06  -3.4828962e+06   5.9962372e+06  -6.4267060e+06  -4.8455326e+06   9.9096022e+06
