   1.3050512e+07   6.0965850e+06   4.4511691e+06  -3.2735420e+05  -1.7501682e+07  -5.7692308e+06
   6.0965850e+06   1.2319264e+07  -1.1515300e+06  -6.1936754e+06  -4.9450549e+06  -6.1255885e+06
   4.4511691e+06  -1.1515300e+06   8.8050273e+06  -4.6177007e+06  -1.3256196e+07   5.7692308e+06
  -3.2735420e+05  -6.1936754e+06  -4.6177007e+06   1.0833344e+07   4.9450549e+06  -4.6396687e+06
  -1.7501682e+07  -4.9450549e+06  -1.3256196e+07   4.9450549e+06   3.0757878e+07   0.0000000e+00
  -5.7692308e+06  -6.1255885e+06   5.7692308e+06  -4.6396687e+06   0.0000000e+00   1.0765257e+07
