   1.2472609e+07  -6.3361359e+06  -1.0238759e+07   3.5744435e+06  -2.2338499e+06   2.7616924e+06
  -6.3361359e+06   1.4049785e+07   2.7502676e+06  -2.2897605e+05   3.5858683e+06  -1.3820809e+07
  -1.0238759e+07   2.7502676e+06   1.6029477e+07   2.9510868e+06  -5.7907179e+06  -5.7013544e+06
   3.5744435e+06  -2.2897605e+05   2.9510868e+06   6.7723202e+06  -6.5255303e+06  -6.5433442e+06
  -2.2338499e+06   3.5858683e+06  -5.7907179e+06  -6.5255303e+06   8.0245678e+06   2.9396620e+06
   2.7616924e+06  -1.3820809e+07  -5.7013544e+06  -6.5433442e+06   2.9396620e+06   2.0364153e+07
