   1.0470110e+07   5.7448049e+06  -2.2661387e+05   2.4425826e+04  -1.0243496e+07  -5.7692308e+06
   5.7448049e+06   1.6144428e+07  -7.9975000e+05  -1.2559204e+07  -4.9450549e+06  -3.5852235e+06
  -2.2661387e+05  -7.9975000e+05   9.0876379e+06  -4.9694808e+06  -8.8610240e+06   5.7692308e+06
   2.4425826e+04  -1.2559204e+07  -4.9694808e+06   1.5660563e+07   4.9450549e+06  -3.1013584e+06
  -1.0243496e+07  -4.9450549e+06  -8.8610240e+06   4.9450549e+06   1.9104520e+07   0.0000000e+00
  -5.7692308e+06  -3.5852235e+06   5.7692308e+06  -3.1013584e+06   0.0000000e+00   6.6865819e+06
