   1.7169306e+07   2.6933652e+06  -3.5317894e+06  -5.2760275e+06  -1.3637517e+07   2.5826623e+06
   2.6933652e+06   6.9054371e+06  -6.1002034e+06  -4.9112833e+06   3.4068381e+06  -1.9941538e+06
  -3.5317894e+06  -6.1002034e+06   6.2652939e+06   1.3572900e+06  -2.7335044e+06   4.7429133e+06
  -5.2760275e+06  -4.9112833e+06   1.3572900e+06   1.7264354e+07   3.9187375e+06  -1.2353071e+07
  -1.3637517e+07   3.4068381e+06  -2.7335044e+06   3.9187375e+06   1.6371021e+07  -7.3255757e+06
   2.5826623e+06  -1.9941538e+06   4.7429133e+06  -1.2353071e+07  -7.3255757e+06   1.4347225e+07
