   7.8222444e+06  -9.4128579e+05  -4.3091955e+06   6.1576716e+06  -3.5130489e+06  -5.2163858e+06
  -9.4128579e+05   2.2111127e+07   5.3334958e+06  -9.5030235e+06  -4.3922100e+06  -1.2608103e+07
  -4.3091955e+06   5.3334958e+06   1.4531172e+07  -4.5817670e+06  -1.0221976e+07  -7.5172877e+05
   6.1576716e+06  -9.5030235e+06  -4.5817670e+06   8.3851298e+06  -1.5759046e+06   1.1178937e+06
  -3.5130489e+06  -4.3922100e+06  -1.0221976e+07  -1.5759046e+06   1.3735025e+07   5.9681146e+06
  -5.2163858e+06  -1.2608103e+07  -7.5172877e+05   1.1178937e+06   5.9681146e+06   1.1490209e+07
