   9.8901099e+06   5.3571429e+06  -1.1538462e+07  -4.9450549e+06   1.6483516e+06  -4.1208791e+05
   5.3571429e+06   1.7925824e+07  -5.7692308e+06  -3.2967033e+07   4.1208791e+05   1.5041209e+07
  -1.1538462e+07  -5.7692308e+06   2.3076923e+07   0.0000000e+00  -1.1538462e+07   5.7692308e+06
  -4.9450549e+06  -3.2967033e+07   0.0000000e+00   6.5934066e+07   4.9450549e+06  -3.2967033e+07
   1.6483516e+06   4.1208791e+05  -1.1538462e+07   4.9450549e+06   9.8901099e+06  -5.3571429e+06
  -4.1208791e+05   1.5041209e+07   5.7692308e+06  -3.2967033e+07  -5.3571429e+06   1.7925824e+07
