   1.0439738e+07   5.7072840e+06   2.7493503e+06   2.4418540e+06  -1.3189088e+07  -8.1491380e+06
   5.7072840e+06   1.8027608e+07   1.6176781e+06  -7.4176708e+06  -7.3249621e+06  -1.0609938e+07
   2.7493503e+06   1.6176781e+06   9.8332103e+06  -4.3066070e+06  -1.2582561e+07   2.6889289e+06
   2.4418540e+06  -7.4176708e+06  -4.3066070e+06   8.3271750e+06   1.8647531e+06  -9.0950419e+05
  -1.3189088e+07  -7.3249621e+06  -1.2582561e+07   1.8647531e+06   2.5771649e+07   5.4602091e+06
  -8.1491380e+06  -1.0609938e+07   2.6889289e+06  -9.0950419e+05   5.4602091e+06   1.1519442e+07
