   1.5440978e+07   4.0432292e+06  -4.2842740e+06  -5.4191646e+06  -1.1156704e+07   1.3759355e+06
   4.0432292e+06   7.7447128e+06  -6.2433405e+06  -7.9757533e+06   2.2001113e+06   2.3104049e+05
  -4.2842740e+06  -6.2433405e+06   7.3474761e+06   1.3119531e+06  -3.0632022e+06   4.9313874e+06
  -5.4191646e+06  -7.9757533e+06   1.3119531e+06   2.0492671e+07   4.1072116e+06  -1.2516918e+07
  -1.1156704e+07   2.2001113e+06  -3.0632022e+06   4.1072116e+06   1.4219906e+07  -6.3073229e+06
   1.3759355e+06   2.3104049e+05   4.9313874e+06  -1.2516918e+07  -6.3073229e+06   1.2285877e+07
