   1.5661959e+07  -7.5900080e+06  -9.8136246e+06   2.6449530e+06  -5.8483346e+06   4.9450549e+06
  -7.5900080e+06   1.5868690e+07   1.8207772e+06   8.4083766e+05   5.7692308e+06  -1.6709528e+07
  -9.8136246e+06   1.8207772e+06   1.2220977e+07   3.1242777e+06  -2.4073521e+06  -4.9450549e+06
   2.6449530e+06   8.4083766e+05   3.1242777e+06   6.0373112e+06  -5.7692308e+06  -6.8781488e+06
  -5.8483346e+06   5.7692308e+06  -2.4073521e+06  -5.7692308e+06   8.2556867e+06   0.0000000e+00
   4.9450549e+06  -1.6709528e+07  -4.9450549e+06  -6.8781488e+06   0.0000000e+00   2.3587676e+07
