   1.8253259e+07  -1.0876514e+06  -8.5166874e+06  -4.4059665e+06  -9.7365720e+06   5.4936179e+06
  -1.0876514e+06   6.5236435e+06  -5.2301423e+06  -1.7178631e+06   6.3177937e+06  -4.8057804e+06
  -8.5166874e+06  -5.2301423e+06   9.1836297e+06   5.0432809e+06  -6.6694230e+05   1.8686143e+05
  -4.4059665e+06  -1.7178631e+06   5.0432809e+06   1.5029678e+07  -6.3731439e+05  -1.3311815e+07
  -9.7365720e+06   6.3177937e+06  -6.6694230e+05  -6.3731439e+05   1.0403514e+07  -5.6804793e+06
   5.4936179e+06  -4.8057804e+06   1.8686143e+05  -1.3311815e+07  -5.6804793e+06   1.8117596e+07
