   1.0832096e+07   5.9050802e+06   2.0825085e+05  -1.3584945e+05  -1.1040347e+07  -5.7692308e+06
   5.9050802e+06   1.5693419e+07  -9.6002527e+05  -1.1829297e+07  -4.9450549e+06  -3.8641215e+06
   2.0825085e+05  -9.6002527e+05   8.7832102e+06  -4.8092055e+06  -8.9914610e+06   5.7692308e+06
  -1.3584945e+05  -1.1829297e+07  -4.8092055e+06   1.4976309e+07   4.9450549e+06  -3.1470114e+06
  -1.1040347e+07  -4.9450549e+06  -8.9914610e+06   4.9450549e+06   2.0031808e+07   0.0000000e+00
  -5.7692308e+06  -3.8641215e+06   5.7692308e+06  -3.1470114e+06   0.0000000e+00   7.0111329e+06
