   1.3714604e+07   3.8071009e+06  -2.7347393e+06  -4.9699285e+06  -1.0979865e+07   1.1628276e+06
   3.8071009e+06   7.1565610e+06  -5.7941044e+06  -7.6042868e+06   1.9870034e+06   4.4772574e+05
  -2.7347393e+06  -5.7941044e+06   7.4793270e+06   7.0163985e+04  -4.7445877e+06   5.7239404e+06
  -4.9699285e+06  -7.6042868e+06   7.0163985e+04   2.1368139e+07   4.8997645e+06  -1.3763852e+07
  -1.0979865e+07   1.9870034e+06  -4.7445877e+06   4.8997645e+06   1.5724453e+07  -6.8867680e+06
   1.1628276e+06   4.4772574e+05   5.7239404e+06  -1.3763852e+07  -6.8867680e+06   1.3316126e+07
