   2.2466488e+07   1.8752375e+06  -1.0067055e+07  -5.7231362e+06  -1.2399433e+07   3.8478987e+06
   1.8752375e+06   8.1902547e+06  -6.5473120e+06  -5.5273851e+06   4.6720745e+06  -2.6628696e+06
  -1.0067055e+07  -6.5473120e+06   8.7438149e+06   4.7684600e+06   1.3232405e+06   1.7788519e+06
  -5.7231362e+06  -5.5273851e+06   4.7684600e+06   1.5341305e+07   9.5467612e+05  -9.8139201e+06
  -1.2399433e+07   4.6720745e+06   1.3232405e+06   9.5467612e+05   1.1076192e+07  -5.6267507e+06
   3.8478987e+06  -2.6628696e+06   1.7788519e+06  -9.8139201e+06  -5.6267507e+06   1.2476790e+07
