   5.1670334e+06   1.9548305e+06  -2.1078962e+06   3.4988836e+06  -3.0591372e+06  -5.4537141e+06
   1.9548305e+06   1.2982124e+07   2.6747078e+06  -1.3714895e+07  -4.6295383e+06   7.3277101e+05
  -2.1078962e+06   2.6747078e+06   1.9264524e+07  -9.8068205e+06  -1.7156628e+07   7.1321127e+06
   3.4988836e+06  -1.3714895e+07  -9.8068205e+06   2.1814270e+07   6.3079368e+06  -8.0993750e+06
  -3.0591372e+06  -4.6295383e+06  -1.7156628e+07   6.3079368e+06   2.0215765e+07  -1.6783985e+06
  -5.4537141e+06   7.3277101e+05   7.1321127e+06  -8.0993750e+06  -1.6783985e+06   7.3666040e+06
