   2.1433275e+07   8.2352595e+05  -8.2889770e+06  -5.2504211e+06  -1.3144298e+07   4.4268951e+06
   8.2352595e+05   7.5674451e+06  -6.0745969e+06  -3.7816010e+06   5.2510709e+06  -3.7858441e+06
  -8.2889770e+06  -6.0745969e+06   7.6425255e+06   4.0861229e+06   6.4645143e+05   1.9884740e+06
  -5.2504211e+06  -3.7816010e+06   4.0861229e+06   1.4456361e+07   1.1642982e+06  -1.0674760e+07
  -1.3144298e+07   5.2510709e+06   6.4645143e+05   1.1642982e+06   1.2497846e+07  -6.4153691e+06
   4.4268951e+06  -3.7858441e+06   1.9884740e+06  -1.0674760e+07  -6.4153691e+06   1.4460604e+07
