   5.1606457e+06   1.7986816e+06  -1.2192595e+06   4.1279851e+06  -3.9413862e+06  -5.9266666e+06
   1.7986816e+06   1.3275924e+07   3.3038092e+06  -1.0892514e+07  -5.1024908e+06  -2.3834105e+06
  -1.2192595e+06   3.3038092e+06   1.8715450e+07  -8.2788905e+06  -1.7496190e+07   4.9750813e+06
   4.1279851e+06  -1.0892514e+07  -8.2788905e+06   1.6100127e+07   4.1509055e+06  -5.2076133e+06
  -3.9413862e+06  -5.1024908e+06  -1.7496190e+07   4.1509055e+06   2.1437576e+07   9.5158535e+05
  -5.9266666e+06  -2.3834105e+06   4.9750813e+06  -5.2076133e+06   9.5158535e+05   7.5910238e+06
