   1.4914735e+07  -5.8945643e+06  -1.0774626e+07   9.4950936e+05  -4.1401088e+06   4.9450549e+06
  -5.8945643e+06   1.0930725e+07   1.2533354e+05   8.9815700e+05   5.7692308e+06  -1.1828882e+07
  -1.0774626e+07   1.2533354e+05   1.4159808e+07   4.8197214e+06  -3.3851817e+06  -4.9450549e+06
   9.4950936e+05   8.9815700e+05   4.8197214e+06   8.7737907e+06  -5.7692308e+06  -9.6719477e+06
  -4.1401088e+06   5.7692308e+06  -3.3851817e+06  -5.7692308e+06   7.5252905e+06   0.0000000e+00
   4.9450549e+06  -1.1828882e+07  -4.9450549e+06  -9.6719477e+06   0.0000000e+00   2.1500830e+07
