   1.8692611e+07  -1.2778638e+06  -9.5566936e+06  -4.2500992e+06  -9.1359176e+06   5.5279629e+06
  -1.2778638e+06   6.7245562e+06  -5.0742750e+06  -1.9167222e+06   6.3521388e+06  -4.8078340e+06
  -9.5566936e+06  -5.0742750e+06   9.9733312e+06   5.4489308e+06  -4.1663767e+05  -3.7465585e+05
  -4.2500992e+06  -1.9167222e+06   5.4489308e+06   1.4688112e+07  -1.1988317e+06  -1.2771390e+07
  -9.1359176e+06   6.3521388e+06  -4.1663767e+05  -1.1988317e+06   9.5525552e+06  -5.1533071e+06
   5.5279629e+06  -4.8078340e+06  -3.7465585e+05  -1.2771390e+07  -5.1533071e+06   1.7579224e+07
