   1.6958278e+07  -6.0947153e+06  -1.3325775e+07   1.1496604e+06  -3.6325030e+06   4.9450549e+06
  -6.0947153e+06   1.1115940e+07   3.2548458e+05  -7.3736002e+05   5.7692308e+06  -1.0378580e+07
  -1.3325775e+07   3.2548458e+05   1.6079079e+07   4.6195704e+06  -2.7533039e+06  -4.9450549e+06
   1.1496604e+06  -7.3736002e+05   4.6195704e+06   8.6039425e+06  -5.7692308e+06  -7.8665825e+06
  -3.6325030e+06   5.7692308e+06  -2.7533039e+06  -5.7692308e+06   6.3858069e+06   0.0000000e+00
   4.9450549e+06  -1.0378580e+07  -4.9450549e+06  -7.8665825e+06   0.0000000e+00   1.8245163e+07
