   7.8636724e+06   1.7902652e+06  -1.5532391e+06   4.9339282e+06  -6.3104333e+06  -6.7241933e+06
   1.7902652e+06   2.1581282e+07   4.1097523e+06  -9.3288740e+06  -5.9000175e+06  -1.2252408e+07
  -1.5532391e+06   4.1097523e+06   1.2400029e+07  -4.6093397e+06  -1.0846789e+07   4.9958736e+05
   4.9339282e+06  -9.3288740e+06  -4.6093397e+06   8.4390308e+06  -3.2458846e+05   8.8984323e+05
  -6.3104333e+06  -5.9000175e+06  -1.0846789e+07  -3.2458846e+05   1.7157223e+07   6.2246060e+06
  -6.7241933e+06  -1.2252408e+07   4.9958736e+05   8.8984323e+05   6.2246060e+06   1.1362565e+07
