   1.4283004e+07  -5.7244288e+06  -1.0057996e+07   7.7937390e+05  -4.2250080e+06   4.9450549e+06
  -5.7244288e+06   1.0658519e+07  -4.4801922e+04   1.4129326e+06   5.7692308e+06  -1.2071452e+07
  -1.0057996e+07  -4.4801922e+04   1.3740842e+07   4.9898569e+06  -3.6828452e+06  -4.9450549e+06
   7.7937390e+05   1.4129326e+06   4.9898569e+06   9.1094823e+06  -5.7692308e+06  -1.0522415e+07
  -4.2250080e+06   5.7692308e+06  -3.6828452e+06  -5.7692308e+06   7.9078533e+06   0.0000000e+00
   4.9450549e+06  -1.2071452e+07  -4.9450549e+06  -1.0522415e+07   0.0000000e+00   2.2593866e+07
