   9.7546817e+06   5.3571429e+06  -2.3791907e+05   4.1208791e+05  -9.5167627e+06  -5.7692308e+06
   5.3571429e+06   1.5940577e+07  -4.1208791e+05  -1.2609711e+07  -4.9450549e+06  -3.3308669e+06
  -2.3791907e+05  -4.1208791e+05   9.7546817e+06  -5.3571429e+06  -9.5167627e+06   5.7692308e+06
   4.1208791e+05  -1.2609711e+07  -5.3571429e+06   1.5940577e+07   4.9450549e+06  -3.3308669e+06
  -9.5167627e+06  -4.9450549e+06  -9.5167627e+06   4.9450549e+06   1.9033525e+07   0.0000000e+00
  -5.7692308e+06  -3.3308669e+06   5.7692308e+06  -3.3308669e+06   0.0000000e+00   6.6617339e+06
