   1.9253483e+07  -2.4473344e+05  -9.5139056e+06  -4.8226882e+06  -9.7395770e+06   5.0674217e+06
  -2.4473344e+05   6.7451807e+06  -5.6468641e+06  -3.0502025e+06   5.8915975e+06  -3.6949782e+06
  -9.5139056e+06  -5.6468641e+06   9.6404174e+06   5.2959595e+06  -1.2651188e+05   3.5090455e+05
  -4.8226882e+06  -3.0502025e+06   5.2959595e+06   1.5477857e+07  -4.7327127e+05  -1.2427655e+07
  -9.7395770e+06   5.8915975e+06  -1.2651188e+05  -4.7327127e+05   9.8660889e+06  -5.4183262e+06
   5.0674217e+06  -3.6949782e+06   3.5090455e+05  -1.2427655e+07  -5.4183262e+06   1.6122633e+07
