   5.9523047e+06   2.9658222e+06   2.7163075e+05   2.8034086e+06  -6.2239355e+06  -5.7692308e+06
   2.9658222e+06   1.2687159e+07   1.9792328e+06  -1.0508781e+07  -4.9450549e+06  -2.1783774e+06
   2.7163075e+05   1.9792328e+06   1.5988932e+07  -7.7484635e+06  -1.6260562e+07   5.7692308e+06
   2.8034086e+06  -1.0508781e+07  -7.7484635e+06   1.6199978e+07   4.9450549e+06  -5.6911969e+06
  -6.2239355e+06  -4.9450549e+06  -1.6260562e+07   4.9450549e+06   2.2484498e+07   0.0000000e+00
  -5.7692308e+06  -2.1783774e+06   5.7692308e+06  -5.6911969e+06   0.0000000e+00   7.8695743e+06
