   1.7268103e+07  -1.3459266e+06  -5.2879757e+06  -4.4786994e+06  -1.1980127e+07   5.8246261e+06
  -1.3459266e+06   6.2628242e+06  -5.3028753e+06  -1.8340736e+05   6.6488019e+06  -6.0794169e+06
  -5.2879757e+06  -5.3028753e+06   7.1264285e+06   3.5508464e+06  -1.8384527e+06   1.7520289e+06
  -4.4786994e+06  -1.8340736e+05   3.5508464e+06   1.5189768e+07   9.2785305e+05  -1.5006361e+07
  -1.1980127e+07   6.6488019e+06  -1.8384527e+06   9.2785305e+05   1.3818580e+07  -7.5766550e+06
   5.8246261e+06  -6.0794169e+06   1.7520289e+06  -1.5006361e+07  -7.5766550e+06   2.1085778e+07
