   9.9900974e+06   4.1682992e+06   2.3383287e+06  -2.0969894e+06  -1.2328426e+07  -2.0713097e+06
   4.1682992e+06   7.8736442e+06  -2.9211652e+06  -7.4418634e+06  -1.2471339e+06  -4.3178078e+05
   2.3383287e+06  -2.9211652e+06   1.0066468e+07  -5.3747367e+06  -1.2404796e+07   8.2959020e+06
  -2.0969894e+06  -7.4418634e+06  -5.3747367e+06   1.9111677e+07   7.4717261e+06  -1.1669813e+07
  -1.2328426e+07  -1.2471339e+06  -1.2404796e+07   7.4717261e+06   2.4733222e+07  -6.2245922e+06
  -2.0713097e+06  -4.3178078e+05   8.2959020e+06  -1.1669813e+07  -6.2245922e+06   1.2101594e+07
