   1.5905707e+07  -5.5642026e+06  -1.0397241e+07  -8.1233261e+04  -5.5084662e+06   5.6454358e+06
  -5.5642026e+06   1.0132377e+07  -9.0540908e+05   1.1612201e+06   6.4696116e+06  -1.1293597e+07
  -1.0397241e+07  -9.0540908e+05   1.2775278e+07   5.1140507e+06  -2.3780369e+06  -4.2086416e+06
  -8.1233261e+04   1.1612201e+06   5.1140507e+06   9.5185604e+06  -5.0328174e+06  -1.0679780e+07
  -5.5084662e+06   6.4696116e+06  -2.3780369e+06  -5.0328174e+06   7.8865031e+06  -1.4367942e+06
   5.6454358e+06  -1.1293597e+07  -4.2086416e+06  -1.0679780e+07  -1.4367942e+06   2.1973378e+07
