   1.2503869e+07  -4.8799179e+05  -5.4365591e+06  -4.7193449e+06  -7.0673102e+06   5.2073367e+06
  -4.8799179e+05   4.4159593e+06  -5.5435208e+06  -1.0515518e+06   6.0315126e+06  -3.3644075e+06
  -5.4365591e+06  -5.5435208e+06   9.9691849e+06   4.8512628e+06  -4.5326258e+06   6.9225793e+05
  -4.7193449e+06  -1.0515518e+06   4.8512628e+06   2.1785294e+07  -1.3191789e+05  -2.0733742e+07
  -7.0673102e+06   6.0315126e+06  -4.5326258e+06  -1.3191789e+05   1.1599936e+07  -5.8995947e+06
   5.2073367e+06  -3.3644075e+06   6.9225793e+05  -2.0733742e+07  -5.8995947e+06   2.4098150e+07
