   9.4118943e+06  -5.1467970e+06  -8.8259180e+06   5.7500334e+06  -5.8597631e+05  -6.0323637e+05
  -5.1467970e+06   1.6219348e+07   4.9258576e+06  -3.0408608e+06   2.2093946e+05  -1.3178487e+07
  -8.8259180e+06   4.9258576e+06   1.8380364e+07   3.9892283e+04  -9.5544455e+06  -4.9657499e+06
   5.7500334e+06  -3.0408608e+06   3.9892283e+04   6.4333071e+06  -5.7899257e+06  -3.3924462e+06
  -5.8597631e+05   2.2093946e+05  -9.5544455e+06  -5.7899257e+06   1.0140422e+07   5.5689862e+06
  -6.0323637e+05  -1.3178487e+07  -4.9657499e+06  -3.3924462e+06   5.5689862e+06   1.6570933e+07
