   9.6577323e+06  -5.2878902e+06  -9.1411871e+06   5.8529960e+06  -5.1654522e+05  -5.6510573e+05
  -5.2878902e+06   1.6471826e+07   5.0288201e+06  -3.4067991e+06   2.5907010e+05  -1.3065026e+07
  -9.1411871e+06   5.0288201e+06   1.8499013e+07  -1.7105137e+05  -9.3578256e+06  -4.8577688e+06
   5.8529960e+06  -3.4067991e+06  -1.7105137e+05   6.4779396e+06  -5.6819446e+06  -3.0711404e+06
  -5.1654522e+05   2.5907010e+05  -9.3578256e+06  -5.6819446e+06   9.8743708e+06   5.4228745e+06
  -5.6510573e+05  -1.3065026e+07  -4.8577688e+06  -3.0711404e+06   5.4228745e+06   1.6136167e+07
