
 Elemento 1 
22.732 12.477 6.2318 3.884 -28.964 -16.361
12.477 35.277 1.884 -19.969 -14.361 -15.308
6.2318 1.884 26.343 -12.878 -32.575 10.994
3.884 -19.969 -12.878 27.178 8.994 -7.2094
-28.964 -14.361 -32.575 8.994 61.539 5.3673
-16.361 -15.308 10.994 -7.2094 5.3673 22.517

 Elemento 2 
30.373 -16.664 -30.008 16.814 -0.36519 -0.14914
-16.664 46.8 14.814 -16.609 1.8509 -30.19
-30.008 14.814 48.084 -4.8648 -18.077 -9.9488
16.814 -16.609 -4.8648 17.861 -11.949 -1.2512
-0.36519 1.8509 -18.077 -11.949 18.442 10.098
-0.14914 -30.19 -9.9488 -1.2512 10.098 31.442

 Elemento 3 
30.767 -16.881 -25.056 14.097 -5.7107 2.7838
-16.881 47.407 12.097 -8.9804 4.7838 -38.427
-25.056 12.097 38.607 -0.15 -13.55 -11.947
14.097 -8.9804 -0.15 13.514 -13.947 -4.5333
-5.7107 4.7838 -13.55 -13.947 19.261 9.1633
2.7838 -38.427 -11.947 -4.5333 9.1633 42.96

 Elemento 4 
37.419 19.075 -1.7241 -4.7248 -35.695 -14.35
19.075 42.519 -6.7248 -29.486 -12.35 -13.033
-1.7241 -6.7248 15.045 -7.1418 -13.321 13.867
-4.7248 -29.486 -7.1418 33.619 11.867 -4.1326
-35.695 -12.35 -13.321 11.867 49.016 0.48323
-14.35 -13.033 13.867 -4.1326 0.48323 17.165

 Elemento 5 
35.845 -10.373 -24.238 -3.0362 -11.606 13.409
-10.373 19.285 -5.0362 2.5856 15.409 -21.871
-24.238 -5.0362 32.013 14.722 -7.7747 -9.6862
-3.0362 2.5856 14.722 29.385 -11.686 -31.97
-11.606 15.409 -7.7747 -11.686 19.381 -3.7225
13.409 -21.871 -9.6862 -31.97 -3.7225 53.841

 Elemento 6 
15.055 -5.7555 -12.413 15.081 -2.6422 -9.3258
-5.7555 37.696 13.081 -10.437 -7.3258 -27.259
-12.413 13.081 47.431 -5.0881 -35.017 -7.9933
15.081 -10.437 -5.0881 17.745 -9.9933 -7.3084
-2.6422 -7.3258 -35.017 -9.9933 37.66 17.319
-9.3258 -27.259 -7.9933 -7.3084 17.319 34.567

 Elemento 7 
16.024 7.8616 1.7945 7.7298 -17.819 -15.591
7.8616 34.735 5.7298 -22.602 -13.591 -12.133
1.7945 5.7298 35.148 -15.736 -36.942 10.006
7.7298 -22.602 -15.736 30.83 8.0062 -8.2273
-17.819 -13.591 -36.942 8.0062 54.761 5.5852
-15.591 -12.133 10.006 -8.2273 5.5852 20.36

 Elemento 8 
32.51 14.749 -1.5843 -7.0499 -30.926 -7.6988
14.749 29.15 -9.0499 -25.918 -5.6988 -3.2316
-1.5843 -9.0499 17.303 -7.0649 -15.718 16.115
-7.0499 -25.918 -7.0649 42.256 14.115 -16.338
-30.926 -5.6988 -15.718 14.115 46.644 -8.416
-7.6988 -3.2316 16.115 -16.338 -8.416 19.569

 Elemento 9 
29.053 13.18 -4.0791 -8.1817 -24.973 -4.9984
13.18 26.05 -10.182 -28.155 -2.9984 2.1057
-4.0791 -10.182 19.848 -6.4261 -15.769 16.608
-8.1817 -28.155 -6.4261 51.929 14.608 -23.773
-24.973 -2.9984 -15.769 14.608 40.743 -11.609
-4.9984 2.1057 16.608 -23.773 -11.609 21.668

 Elemento 10 
34.491 7.2999 -8.323 -12.758 -26.168 5.4581
7.2999 15.409 -14.758 -15.147 7.4581 -0.26189
-8.323 -14.758 18.245 2.7785 -9.9218 11.98
-12.758 -15.147 2.7785 51.232 9.9795 -36.084
-26.168 7.4581 -9.9218 9.9795 36.089 -17.438
5.4581 -0.26189 11.98 -36.084 -17.438 36.346

 Elemento 11 
13.092 -1.5428 -8.965 14.754 -4.1269 -13.211
-1.5428 37.023 12.754 -18.989 -11.211 -18.034
-8.965 12.754 48.914 -13.072 -39.949 0.31857
14.754 -18.989 -13.072 24.865 -1.6814 -5.8759
-4.1269 -11.211 -39.949 -1.6814 44.075 12.892
-13.211 -18.034 0.31857 -5.8759 12.892 23.91

 Elemento 12 
45.391 5.8109 -13.541 -13.376 -31.85 7.5647
5.8109 17.453 -15.376 -12.12 9.5647 -5.3338
-13.541 -15.376 16.377 6.4804 -2.8358 8.8951
-13.376 -12.12 6.4804 40.501 6.8951 -28.382
-31.85 9.5647 -2.8358 6.8951 34.686 -16.46
7.5647 -5.3338 8.8951 -28.382 -16.46 33.715

 Elemento 13 
12.885 4.4439 -4.7502 9.4807 -8.1351 -13.925
4.4439 33.236 7.4807 -30.876 -11.925 -2.3598
-4.7502 7.4807 45.211 -21.845 -40.461 14.365
9.4807 -30.876 -21.845 45.533 12.365 -14.657
-8.1351 -11.925 -40.461 12.365 48.596 -0.43998
-13.925 -2.3598 14.365 -14.657 -0.43998 17.017

 Elemento 14 
20.112 -10.612 -17.521 13.864 -2.5909 -3.252
-10.612 39.27 11.864 -5.7188 -1.252 -33.551
-17.521 11.864 43.108 0.3319 -25.587 -12.196
13.864 -5.7188 0.3319 15.093 -14.196 -9.3743
-2.5909 -1.252 -25.587 -14.196 28.178 15.448
-3.252 -33.551 -12.196 -9.3743 15.448 42.925

 Elemento 15 
20.24 11.1 1.5514 2.6061 -21.792 -13.706
11.1 33.931 0.60605 -27.014 -11.706 -6.9169
1.5514 0.60605 27.786 -14.992 -29.338 14.386
2.6061 -27.014 -14.992 38.011 12.386 -10.997
-21.792 -11.706 -29.338 12.386 51.13 -0.68002
-13.706 -6.9169 14.386 -10.997 -0.68002 17.914

 Elemento 16 
20.674 8.8608 -5.9955 6.5622 -14.678 -15.423
8.8608 49.363 4.5622 -37.46 -13.423 -11.903
-5.9955 4.5622 28.826 -15.581 -22.831 11.019
6.5622 -37.46 -15.581 39.772 9.019 -2.3119
-14.678 -13.423 -22.831 9.019 37.509 4.404
-15.423 -11.903 11.019 -2.3119 4.404 14.215

 Elemento 17 
19.454 8.3383 -1.6206 8.4373 -17.834 -16.776
8.3383 46.452 6.4373 -27.014 -14.776 -19.438
-1.6206 6.4373 28.92 -13.634 -27.3 7.1971
8.4373 -27.014 -13.634 27.766 5.1971 -0.75154
-17.834 -14.776 -27.3 5.1971 45.134 9.5785
-16.776 -19.438 7.1971 -0.75154 9.5785 20.189

 Elemento 18 
17.525 9.3994 -2.1502 2.6577 -15.374 -12.057
9.3994 32.852 0.65774 -32.994 -10.057 0.14184
-2.1502 0.65774 32.219 -17.688 -30.069 17.03
2.6577 -32.994 -17.688 50.182 15.03 -17.189
-15.374 -10.057 -30.069 15.03 45.443 -4.9727
-12.057 0.14184 17.03 -17.189 -4.9727 17.047

 Elemento 19 
46.653 4.7266 -11.444 -12.936 -35.208 8.2099
4.7266 17.332 -14.936 -9.7226 10.21 -7.6091
-11.444 -14.936 14.811 5.337 -3.3665 9.5995
-12.936 -9.7226 5.337 37.765 7.5995 -28.042
-35.208 10.21 -3.3665 7.5995 38.575 -17.809
8.2099 -7.6091 9.5995 -28.042 -17.809 35.651

 Elemento 20 
48.693 12.584 -20.149 -15.679 -28.543 3.0951
12.584 24.219 -17.679 -23.977 5.0951 -0.24134
-20.149 -17.679 19.839 8.6767 0.31065 9.0022
-15.679 -23.977 8.6767 46.861 7.0022 -22.884
-28.543 5.0951 0.31065 7.0022 28.233 -12.097
3.0951 -0.24134 9.0022 -22.884 -12.097 23.125

 Elemento 21 
24.915 -13.678 -31.397 18.715 6.4811 -5.0366
-13.678 41.103 16.715 -22.151 -3.0366 -18.953
-31.397 16.715 62.04 -10.587 -30.643 -6.1277
18.715 -22.151 -10.587 25.561 -8.1277 -3.4105
6.4811 -3.0366 -30.643 -8.1277 24.162 11.164
-5.0366 -18.953 -6.1277 -3.4105 11.164 22.363

 Elemento 22 
23.584 -12.953 -22.949 13.871 -0.63525 -0.91815
-12.953 38.426 11.871 -7.7328 1.0819 -30.694
-22.949 11.871 46.076 0.25671 -23.126 -12.128
13.871 -7.7328 0.25671 16.129 -14.128 -8.3966
-0.63525 1.0819 -23.126 -14.128 23.762 13.046
-0.91815 -30.694 -12.128 -8.3966 13.046 39.09

 Elemento 23 
15.634 -1.2238 -12.502 14.846 -3.1326 -13.622
-1.2238 44.469 12.846 -31.332 -11.622 -13.137
-12.502 12.846 45.816 -18.557 -33.314 5.711
14.846 -31.332 -18.557 34.669 3.711 -3.3368
-3.1326 -11.622 -33.314 3.711 36.447 7.9111
-13.622 -13.137 5.711 -3.3368 7.9111 16.474

 Elemento 24 
47.459 7.5999 -9.9172 -13.024 -37.542 5.4236
7.5999 19.195 -15.024 -12.658 7.4236 -6.5364
-9.9172 -15.024 13.872 3.6394 -3.9546 11.384
-13.024 -12.658 3.6394 37.523 9.3841 -24.864
-37.542 7.4236 -3.9546 9.3841 41.497 -16.808
5.4236 -6.5364 11.384 -24.864 -16.808 31.401

 Elemento 25 
27.439 14.151 6.0246 -0.37137 -33.464 -13.78
14.151 32.151 -2.3714 -20.79 -11.78 -11.361
6.0246 -2.3714 21.731 -11.81 -27.756 14.181
-0.37137 -20.79 -11.81 30.861 12.181 -10.071
-33.464 -11.78 -27.756 12.181 61.22 -0.40126
-13.78 -11.361 14.181 -10.071 -0.40126 21.432

 Elemento 26 
17.119 -3.5091 -12.649 15.654 -4.47 -12.145
-3.5091 47.362 13.654 -23.926 -10.145 -23.436
-12.649 13.654 42.058 -13.034 -29.409 -0.62006
15.654 -23.926 -13.034 23.91 -2.6201 0.015167
-4.47 -10.145 -29.409 -2.6201 33.879 12.765
-12.145 -23.436 -0.62006 0.015167 12.765 23.421

 Elemento 27 
43.197 2.6268 -16.886 -12.947 -26.312 10.32
2.6268 15.452 -14.947 -9.3238 12.32 -6.128
-16.886 -14.947 19.564 9.714 -2.6786 5.233
-12.947 -9.3238 9.714 41.868 3.233 -32.544
-26.312 12.32 -2.6786 3.233 28.99 -15.553
10.32 -6.128 5.233 -32.544 -15.553 38.672

 Elemento 28 
26.14 -14.277 -20.988 13.858 -5.1515 0.41905
-14.277 45.432 11.858 -6.9851 2.4191 -38.447
-20.988 11.858 38.275 0.25716 -17.287 -12.115
13.858 -6.9851 0.25716 13.4 -14.115 -6.4149
-5.1515 2.4191 -17.287 -14.115 22.438 11.696
0.41905 -38.447 -12.115 -6.4149 11.696 44.862

 Elemento 29 
39.886 0.26797 -17.646 -12.118 -22.24 11.85
0.26797 13.964 -14.118 -6.5405 13.85 -7.4232
-17.646 -14.118 21.847 11.46 -4.2011 2.6576
-12.118 -6.5405 11.46 43.168 0.65765 -36.627
-22.24 13.85 -4.2011 0.65765 26.441 -14.507
11.85 -7.4232 2.6576 -36.627 -14.507 44.05

 Elemento 30 
26.186 14.31 -5.3237 -0.58258 -20.863 -13.728
14.31 45.342 -2.5826 -38.728 -11.728 -6.6137
-5.3237 -2.5826 22.468 -11.635 -17.144 14.217
-0.58258 -38.728 -11.635 45.43 12.217 -6.7016
-20.863 -11.728 -17.144 12.217 38.006 -0.48941
-13.728 -6.6137 14.217 -6.7016 -0.48941 13.315

 Elemento 31 
22.178 -11.649 -17.93 14.227 -4.2479 -2.5788
-11.649 43.712 12.227 -6.9771 -0.57875 -36.735
-17.93 12.227 39.746 -0.51182 -21.816 -11.716
14.227 -6.9771 -0.51182 13.925 -13.716 -6.9477
-4.2479 -0.57875 -21.816 -13.716 26.064 14.294
-2.5788 -36.735 -11.716 -6.9477 14.294 43.682

 Elemento 32 
32.909 17.087 -3.578 -5.1036 -29.331 -11.983
17.087 39.298 -7.1036 -32.311 -9.9834 -6.987
-3.578 -7.1036 17.406 -7.7104 -13.828 14.814
-5.1036 -32.311 -7.7104 40.816 12.814 -8.5054
-29.331 -9.9834 -13.828 12.814 43.158 -2.8306
-11.983 -6.987 14.814 -8.5054 -2.8306 15.492

 Elemento 33 
30.315 -15.865 -23.542 9.367 -6.7735 6.4981
-15.865 37.056 7.367 -0.51667 8.4981 -36.54
-23.542 7.367 36.754 6.2398 -13.212 -13.607
9.367 -0.51667 6.2398 15.119 -15.607 -14.603
-6.7735 8.4981 -13.212 -15.607 19.986 7.1087
6.4981 -36.54 -13.607 -14.603 7.1087 51.142

 Elemento 34 
15.538 -5.2536 -11.324 15.075 -4.2137 -9.8211
-5.2536 40.267 13.075 -11.088 -7.8211 -29.179
-11.324 13.075 44.295 -5.5384 -32.971 -7.5362
15.075 -11.088 -5.5384 16.961 -9.5362 -5.8726
-4.2137 -7.8211 -32.971 -9.5362 37.184 17.357
-9.8211 -29.179 -7.5362 -5.8726 17.357 35.051

 Elemento 35 
21.659 11.143 -3.5251 3.7448 -18.134 -14.888
11.143 44.251 1.7448 -34.984 -12.888 -9.2678
-3.5251 1.7448 26.429 -14.491 -22.904 12.746
3.7448 -34.984 -14.491 40.312 10.746 -5.3281
-18.134 -12.888 -22.904 10.746 41.038 2.1418
-14.888 -9.2678 12.746 -5.3281 2.1418 14.596

 Elemento 36 
27.359 -15.02 -16.148 10.344 -11.211 4.6761
-15.02 45.135 8.3436 3.0048 6.6761 -48.14
-16.148 8.3436 29.999 5.4393 -13.851 -13.783
10.344 3.0048 5.4393 12.607 -15.783 -15.612
-11.211 6.6761 -13.851 -15.783 25.062 9.1068
4.6761 -48.14 -13.783 -15.612 9.1068 63.752

 Elemento 37 
43.837 -14.804 -39.395 4.0505 -4.4421 10.754
-14.804 26.953 2.0505 -5.9854 12.754 -20.967
-39.395 2.0505 48.177 10.787 -8.7827 -12.838
4.0505 -5.9854 10.787 22.106 -14.838 -16.121
-4.4421 12.754 -8.7827 -14.838 13.225 2.0841
10.754 -20.967 -12.838 -16.121 2.0841 37.088

 Elemento 38 
37.594 -5.0276 -16.19 -9.4438 -21.404 14.471
-5.0276 14.576 -11.444 0.94455 16.471 -15.52
-16.19 -11.444 21.868 11.92 -5.6782 -0.47592
-9.4438 0.94455 11.92 38.481 -2.4759 -39.426
-21.404 16.471 -5.6782 -2.4759 27.082 -13.995
14.471 -15.52 -0.47592 -39.426 -13.995 54.946

 Elemento 39 
23.327 -12.055 -23.88 17.751 0.55313 -5.6961
-12.055 47.327 15.751 -20.544 -3.6961 -26.783
-23.88 15.751 48.453 -9.2572 -24.573 -6.4937
17.751 -20.544 -9.2572 20.75 -8.4937 -0.20632
0.55313 -3.6961 -24.573 -8.4937 24.019 12.19
-5.6961 -26.783 -6.4937 -0.20632 12.19 26.99

 Elemento 40 
27.057 -14.851 -24.049 14.743 -3.0087 0.10804
-14.851 44.806 12.743 -10.185 2.108 -34.621
-24.049 12.743 42.071 -1.338 -18.023 -11.405
14.743 -10.185 -1.338 14.813 -13.405 -4.6284
-3.0087 2.108 -18.023 -13.405 21.031 11.297
0.10804 -34.621 -11.405 -4.6284 11.297 39.25

 Elemento 41 
28.937 -15.883 -23.336 14.352 -5.6014 1.5311
-15.883 47.919 12.352 -9.0047 3.5311 -38.915
-23.336 12.352 38.171 -0.58367 -14.835 -11.768
14.352 -9.0047 -0.58367 13.378 -13.768 -4.3737
-5.6014 3.5311 -14.835 -13.768 20.436 10.237
1.5311 -38.915 -11.768 -4.3737 10.237 43.288

 Elemento 42 
17.207 3.6847 -1.6006 12.629 -15.607 -16.314
3.6847 47.457 10.629 -15.978 -14.314 -31.48
-1.6006 10.629 32.693 -9.1643 -31.093 -1.4647
12.629 -15.978 -9.1643 17.179 -3.4647 -1.2016
-15.607 -14.314 -31.093 -3.4647 46.699 17.778
-16.314 -31.48 -1.4647 -1.2016 17.778 32.681

 Elemento 43 
30.473 -15.969 -23.95 9.6514 -6.5228 6.3178
-15.969 37.406 7.6514 -1.1005 8.3178 -36.306
-23.95 7.6514 37.2 5.8959 -13.251 -13.547
9.6514 -1.1005 5.8959 15.003 -15.547 -13.903
-6.5228 8.3178 -13.251 -15.547 19.773 7.2295
6.3178 -36.306 -13.547 -13.903 7.2295 50.208

 Elemento 44 
54.517 14.089 -14.832 -14.305 -39.684 0.21587
14.089 27.115 -16.305 -21.333 2.2159 -5.7827
-14.832 -16.305 14.307 4.6304 0.52487 11.674
-14.305 -21.333 4.6304 37.436 9.6744 -16.103
-39.684 2.2159 0.52487 9.6744 39.16 -11.89
0.21587 -5.7827 11.674 -16.103 -11.89 21.886

 Elemento 45 
50.962 7.5598 -18.377 -14.243 -32.585 6.6833
7.5598 20.21 -16.243 -15.298 8.6833 -4.912
-18.377 -16.243 17.615 8.3802 0.76168 7.8629
-14.243 -15.298 8.3802 39.289 5.8629 -23.991
-32.585 8.6833 0.76168 5.8629 31.824 -14.546
6.6833 -4.912 7.8629 -23.991 -14.546 28.903

 Elemento 46 
14.814 5.868 -0.64844 9.7504 -14.165 -15.618
5.868 36.621 7.7504 -22.993 -13.618 -13.628
-0.64844 7.7504 37.831 -15.752 -37.183 8.0014
9.7504 -22.993 -15.752 29.729 6.0014 -6.7351
-14.165 -13.618 -37.183 6.0014 51.348 7.617
-15.618 -13.628 8.0014 -6.7351 7.617 20.363

 Elemento 47 
34.065 10.885 -8.3763 -12.251 -25.689 1.3665
10.885 19.889 -14.251 -22.145 3.3665 2.2559
-8.3763 -14.251 18.499 0.60579 -10.123 13.645
-12.251 -22.145 0.60579 52.813 11.645 -30.668
-25.689 3.3665 -10.123 11.645 35.811 -15.012
1.3665 2.2559 13.645 -30.668 -15.012 28.412

 Elemento 48 
29.817 -16.369 -27.247 15.481 -2.5692 0.88778
-16.369 46.441 13.481 -12.794 2.8878 -33.647
-27.247 13.481 43.681 -2.4863 -16.434 -10.995
15.481 -12.794 -2.4863 15.583 -12.995 -2.789
-2.5692 2.8878 -16.434 -12.995 19.003 10.107
0.88778 -33.647 -10.995 -2.789 10.107 36.436

 Elemento 49 
47.163 14.9 -18.661 -15.531 -28.502 0.63054
14.9 27.262 -17.531 -27.847 2.6305 0.5851
-18.661 -17.531 19.258 6.9975 -0.59642 10.533
-15.531 -27.847 6.9975 48.986 8.5332 -21.139
-28.502 2.6305 -0.59642 8.5332 29.098 -11.164
0.63054 0.5851 10.533 -21.139 -11.164 20.554

 Elemento 50 
33.215 -14.283 -33.975 7.5206 0.76048 6.7627
-14.283 27.352 5.5206 -4.757 8.7627 -22.595
-33.975 5.5206 51.613 8.8553 -17.638 -14.376
7.5206 -4.757 8.8553 21.301 -16.376 -16.544
0.76048 8.7627 -17.638 -16.376 16.877 7.6132
6.7627 -22.595 -14.376 -16.544 7.6132 39.139

 Elemento 51 
36.463 -15.68 -27.79 4.8607 -8.6736 10.82
-15.68 30.027 2.8607 0.33669 12.82 -30.364
-27.79 2.8607 36.537 9.8274 -8.7475 -12.688
4.8607 0.33669 9.8274 18.653 -14.688 -18.99
-8.6736 12.82 -8.7475 -14.688 17.421 1.8685
10.82 -30.364 -12.688 -18.99 1.8685 49.354

 Elemento 52 
34.863 -10.382 -29.492 -1.1422 -5.3711 11.524
-10.382 19.18 -3.1422 -0.14472 13.524 -19.035
-29.492 -3.1422 41.011 15.837 -11.519 -12.695
-1.1422 -0.14472 15.837 29.198 -14.695 -29.054
-5.3711 13.524 -11.519 -14.695 16.89 1.1707
11.524 -19.035 -12.695 -29.054 1.1707 48.089

 Elemento 53 
20.858 -11.119 -18.968 14.251 -1.8895 -3.1318
-11.119 39.76 12.251 -7.3714 -1.1318 -32.389
-18.968 12.251 44.098 -0.59242 -25.13 -11.659
14.251 -7.3714 -0.59242 15.451 -13.659 -8.0796
-1.8895 -1.1318 -25.13 -13.659 27.02 14.79
-3.1318 -32.389 -11.659 -8.0796 14.79 40.469

 Elemento 54 
48.207 -13.638 -38.628 0.78478 -9.5783 12.853
-13.638 25.502 -1.2152 -5.1579 14.853 -20.344
-38.628 -1.2152 42.57 12.388 -3.9414 -11.173
0.78478 -5.1579 12.388 23.002 -13.173 -17.844
-9.5783 14.853 -3.9414 -13.173 13.52 -1.6802
12.853 -20.344 -11.173 -17.844 -1.6802 38.188

 Elemento 55 
48.701 -13.778 -33.708 -0.60727 -14.993 14.385
-13.778 25.763 -2.6073 -2.5549 16.385 -23.209
-33.708 -2.6073 34.829 12.078 -1.1214 -9.4712
-0.60727 -2.5549 12.078 21.99 -11.471 -19.435
-14.993 16.385 -1.1214 -11.471 16.114 -4.914
14.385 -23.209 -9.4712 -19.435 -4.914 42.643

 Elemento 56 
19.598 -10.548 -17.404 12.969 -2.1936 -2.4203
-10.548 36.342 10.969 -3.2089 -0.42028 -33.133
-17.404 10.969 44.031 2.4412 -26.626 -13.41
12.969 -3.2089 2.4412 15.693 -15.41 -12.484
-2.1936 -0.42028 -26.626 -15.41 28.82 15.83
-2.4203 -33.133 -13.41 -12.484 15.83 45.617

 Elemento 57 
23.669 -12.89 -22.906 11.772 -0.76234 1.1181
-12.89 34.068 9.7723 -3.5612 3.1181 -30.507
-22.906 9.7723 45.829 4.1084 -22.922 -13.881
11.772 -3.5612 4.1084 16.81 -15.881 -13.249
-0.76234 3.1181 -22.922 -15.881 23.684 12.763
1.1181 -30.507 -13.881 -13.249 12.763 43.755

 Elemento 58 
21.843 11.77 -2.2308 2.3268 -19.612 -14.097
11.77 40.353 0.32684 -33.219 -12.097 -7.1334
-2.2308 0.32684 25.866 -14.209 -23.635 13.882
2.3268 -33.219 -14.209 41.225 11.882 -8.0053
-19.612 -12.097 -23.635 11.882 43.247 0.21479
-14.097 -7.1334 13.882 -8.0053 0.21479 15.139

 Elemento 59 
22.402 -11.809 -28.198 12.205 5.7963 -0.39646
-11.809 28.019 10.205 -6.8029 1.6035 -21.216
-28.198 10.205 60.492 3.6785 -32.294 -13.884
12.205 -6.8029 3.6785 21.638 -15.884 -14.835
5.7963 1.6035 -32.294 -15.884 26.498 14.28
-0.39646 -21.216 -13.884 -14.835 14.28 36.051

 Elemento 60 
37.253 10.526 -6.5523 -12 -30.7 1.4742
10.526 19.689 -14 -18.721 3.4742 -0.9681
-6.5523 -14 16.185 0 -9.6326 14
-12 -18.721 0 46.243 12 -27.522
-30.7 3.4742 -9.6326 12 40.333 -15.474
1.4742 -0.9681 14 -27.522 -15.474 28.49

 Elemento 61 
15.752 4.1012 0.79444 12.654 -16.547 -16.755
4.1012 42.648 10.654 -11.908 -14.755 -30.74
0.79444 10.654 35.59 -8.0905 -36.385 -2.5637
12.654 -11.908 -8.0905 16.456 -4.5637 -4.5474
-16.547 -14.755 -36.385 -4.5637 52.931 19.319
-16.755 -30.74 -2.5637 -4.5474 19.319 35.288

 Elemento 62 
37.541 -4.2427 -8.9889 -10.706 -28.552 14.949
-4.2427 14.146 -12.706 2.7157 16.949 -16.862
-8.9889 -12.706 17.069 7.535 -8.0805 5.171
-10.706 2.7157 7.535 40.109 3.171 -42.824
-28.552 16.949 -8.0805 3.171 36.632 -20.12
14.949 -16.862 5.171 -42.824 -20.12 59.686

 Elemento 63 
59.421 -9.7134 -44.746 -4.0967 -14.675 13.81
-9.7134 24.171 -6.0967 -9.3746 15.81 -14.797
-44.746 -6.0967 43.119 14.724 1.6264 -8.6278
-4.0967 -9.3746 14.724 26.804 -10.628 -17.429
-14.675 15.81 1.6264 -10.628 13.049 -5.1822
13.81 -14.797 -8.6278 -17.429 -5.1822 32.226

 Elemento 64 
16.192 -6.6963 -14.332 15.484 -1.8607 -8.7879
-6.6963 39.327 13.484 -12.477 -6.7879 -26.851
-14.332 13.484 47.269 -6.0917 -32.937 -7.3925
15.484 -12.477 -6.0917 18.198 -9.3925 -5.7211
-1.8607 -6.7879 -32.937 -9.3925 34.798 16.18
-8.7879 -26.851 -7.3925 -5.7211 16.18 32.572

 Elemento 65 
37.156 -14.645 -29.497 3.571 -7.6586 11.074
-14.645 27.138 1.571 -0.25978 13.074 -26.878
-29.497 1.571 38.489 11.088 -8.9916 -12.659
3.571 -0.25978 11.088 20.638 -14.659 -20.378
-7.6586 13.074 -8.9916 -14.659 16.65 1.5852
11.074 -26.878 -12.659 -20.378 1.5852 47.256

 Elemento 66 
30.56 15.119 -4.0045 -6.6318 -26.555 -8.4874
15.119 32.353 -8.6318 -30.955 -6.4874 -1.398
-4.0045 -8.6318 18.849 -7.3254 -14.845 15.957
-6.6318 -30.955 -7.3254 46.927 13.957 -15.971
-26.555 -6.4874 -14.845 13.957 41.4 -7.4699
-8.4874 -1.398 15.957 -15.971 -7.4699 17.369

 Elemento 67 
17.742 -6.8951 -15.505 16.214 -2.2372 -9.3187
-6.8951 44.17 14.214 -17.614 -7.3187 -26.556
-15.505 14.214 45.113 -9.0583 -29.609 -5.1554
16.214 -17.614 -9.0583 19.703 -7.1554 -2.0884
-2.2372 -7.3187 -29.609 -7.1554 31.846 14.474
-9.3187 -26.556 -5.1554 -2.0884 14.474 28.644

 Elemento 68 
14.596 -0.58877 -5.877 14.202 -8.719 -13.613
-0.58877 41.653 12.202 -14.593 -11.613 -27.06
-5.877 12.202 40.733 -8.9883 -34.856 -3.2137
14.202 -14.593 -8.9883 18.557 -5.2137 -3.9639
-8.719 -11.613 -34.856 -5.2137 43.575 16.827
-13.613 -27.06 -3.2137 -3.9639 16.827 31.024

 Elemento 69 
18.236 7.5253 -2.114 8.7091 -16.122 -16.234
7.5253 44.334 6.7091 -27.423 -14.234 -16.911
-2.114 6.7091 30.953 -14.56 -28.839 7.8512
8.7091 -27.423 -14.56 29.594 5.8512 -2.1712
-16.122 -14.234 -28.839 5.8512 44.961 8.3831
-16.234 -16.911 7.8512 -2.1712 8.3831 19.082

 Elemento 70 
39.941 11.359 -8.6726 -12.589 -31.268 1.2296
11.359 21.211 -14.589 -19.963 3.2296 -1.2478
-8.6726 -14.589 15.904 1.3782 -7.2313 13.211
-12.589 -19.963 1.3782 45.19 11.211 -25.227
-31.268 3.2296 -7.2313 11.211 38.5 -14.44
1.2296 -1.2478 13.211 -25.227 -14.44 26.475

 Elemento 71 
33.611 7.4295 -17.326 -14.731 -16.285 7.3014
7.4295 15.325 -16.731 -19.836 9.3014 4.511
-17.326 -16.731 25.592 10.561 -8.2667 6.1701
-14.731 -19.836 10.561 62.216 4.1701 -42.38
-16.285 9.3014 -8.2667 4.1701 24.552 -13.472
7.3014 4.511 6.1701 -42.38 -13.472 37.869

 Elemento 72 
43.062 16.394 -4.093 -9.9304 -38.969 -6.4631
16.394 30.135 -11.93 -23.422 -4.4631 -6.7135
-4.093 -11.93 13.394 -3.0211 -9.3006 14.951
-9.9304 -23.422 -3.0211 36.787 12.951 -13.365
-38.969 -4.4631 -9.3006 12.951 48.269 -8.4884
-6.4631 -6.7135 14.951 -13.365 -8.4884 20.078

 Elemento 73 
19.565 -4.0105 -12.025 15.526 -7.54 -11.516
-4.0105 54.129 13.526 -22.2 -9.5155 -31.929
-12.025 13.526 36.013 -10.474 -23.988 -3.0521
15.526 -22.2 -10.474 19.45 -5.0521 2.7493
-7.54 -9.5155 -23.988 -5.0521 31.528 14.568
-11.516 -31.929 -3.0521 2.7493 14.568 29.18

 Elemento 74 
37.084 -9.7769 -41.105 0.43194 4.021 9.345
-9.7769 18.683 -1.5681 -6.472 11.345 -12.211
-41.105 -1.5681 60.663 17.253 -19.558 -15.685
0.43194 -6.472 17.253 32.216 -17.685 -25.744
4.021 11.345 -19.558 -17.685 15.537 6.3395
9.345 -12.211 -15.685 -25.744 6.3395 37.955

 Elemento 75 
55.905 3.1534 -26.608 -13.432 -29.297 10.279
3.1534 19.937 -15.432 -12.535 12.279 -7.4022
-26.608 -15.432 22.681 12.459 3.9271 2.9736
-13.432 -12.535 12.459 35.969 0.97356 -23.434
-29.297 12.279 3.9271 0.97356 25.37 -13.252
10.279 -7.4022 2.9736 -23.434 -13.252 30.836

 Elemento 76 
43.262 2.4403 -19.824 -13.049 -23.439 10.609
2.4403 15.428 -15.049 -10.116 12.609 -5.3128
-19.824 -15.049 22.028 11.633 -2.2043 3.4165
-13.049 -10.116 11.633 42.929 1.4165 -32.813
-23.439 12.609 -2.2043 1.4165 25.643 -14.026
10.609 -5.3128 3.4165 -32.813 -14.026 38.126

 Elemento 77 
21.111 -11.424 -22.24 15.275 1.1293 -3.851
-11.424 38.413 13.275 -11.247 -1.851 -27.167
-22.24 13.275 49.956 -3.044 -27.716 -10.231
15.275 -11.247 -3.044 17.871 -12.231 -6.6246
1.1293 -1.851 -27.716 -12.231 26.587 14.082
-3.851 -27.167 -10.231 -6.6246 14.082 33.791

 Elemento 78 
25.112 13.733 -1.8156 -1.2323 -23.297 -12.5
13.733 37.268 -3.2323 -32.224 -10.5 -5.0437
-1.8156 -3.2323 22.431 -11.944 -20.616 15.176
-1.2323 -32.224 -11.944 42.889 13.176 -10.665
-23.297 -10.5 -20.616 13.176 43.912 -2.6757
-12.5 -5.0437 15.176 -10.665 -2.6757 15.709

 Elemento 79 
32.235 10.007 -6.0522 -11.604 -26.183 1.5976
10.007 18.352 -13.604 -20.209 3.5976 1.8565
-6.0522 -13.604 18.509 -1.0127 -12.457 14.617
-11.604 -20.209 -1.0127 52.767 12.617 -32.558
-26.183 3.5976 -12.457 12.617 38.639 -16.214
1.5976 1.8565 14.617 -32.558 -16.214 30.701

 Elemento 80 
15.144 -7.4493 -14.269 13.807 -0.8748 -6.3573
-7.4493 32.736 11.807 -4.2822 -4.3573 -28.454
-14.269 11.807 50.423 0.66974 -36.154 -12.476
13.807 -4.2822 0.66974 17.667 -14.476 -13.385
-0.8748 -4.3573 -36.154 -14.476 37.029 18.834
-6.3573 -28.454 -12.476 -13.385 18.834 41.838

 Elemento 81 
13.115 3.4546 -4.419 11.244 -8.6957 -14.699
3.4546 35.458 9.2441 -26.172 -12.699 -9.286
-4.419 9.2441 44.189 -18.543 -39.77 9.2992
11.244 -26.172 -18.543 35.111 7.2992 -8.9394
-8.6957 -12.699 -39.77 7.2992 48.466 5.3994
-14.699 -9.286 9.2992 -8.9394 5.3994 18.225

 Elemento 82 
20.129 8.8036 -4.9152 6.7166 -15.213 -15.52
8.8036 47.546 4.7166 -35.228 -13.52 -12.318
-4.9152 4.7166 29.021 -15.485 -24.106 10.768
6.7166 -35.228 -15.485 37.879 8.7681 -2.6512
-15.213 -13.52 -24.106 8.7681 39.319 4.752
-15.52 -12.318 10.768 -2.6512 4.752 14.969

 Elemento 83 
34.269 -8.7529 -27.645 -3.4482 -6.6232 12.201
-8.7529 16.92 -5.4482 0.14314 14.201 -17.063
-27.645 -5.4482 38.644 17.047 -10.998 -11.599
-3.4482 0.14314 17.047 33.099 -13.599 -33.242
-6.6232 14.201 -10.998 -13.599 17.622 -0.60196
12.201 -17.063 -11.599 -33.242 -0.60196 50.305

 Elemento 84 
16.739 -8.2981 -10.663 11.888 -6.0761 -3.5894
-8.2981 35.884 9.8875 3.9117 -1.5894 -39.795
-10.663 9.8875 40.247 6.0812 -29.584 -15.969
11.888 3.9117 6.0812 16.032 -17.969 -19.944
-6.0761 -1.5894 -29.584 -17.969 35.661 19.558
-3.5894 -39.795 -15.969 -19.944 19.558 59.739

 Elemento 85 
32.412 -1.3642 -10.927 -11.502 -21.485 12.866
-1.3642 11.464 -13.502 -1.5918 14.866 -9.8718
-10.927 -13.502 20.961 9.3117 -10.035 4.1902
-11.502 -1.5918 9.3117 49.072 2.1902 -47.48
-21.485 14.866 -10.035 2.1902 31.519 -17.056
12.866 -9.8718 4.1902 -47.48 -17.056 57.352

 Elemento 86 
20.543 -8.3484 -11.582 14.454 -8.9606 -6.1056
-8.3484 50.269 12.454 -6.3968 -4.1056 -43.872
-11.582 12.454 33.79 -1.4388 -22.208 -11.015
14.454 -6.3968 -1.4388 11.954 -13.015 -5.5573
-8.9606 -4.1056 -22.208 -13.015 31.169 17.121
-6.1056 -43.872 -11.015 -5.5573 17.121 49.43

 Elemento 87 
41.099 0.53213 -18.849 -12.24 -22.249 11.708
0.53213 14.399 -14.24 -7.303 13.708 -7.0958
-18.849 -14.24 22.271 11.857 -3.4215 2.3837
-12.24 -7.303 11.857 42.596 0.38372 -35.293
-22.249 13.708 -3.4215 0.38372 25.671 -14.092
11.708 -7.0958 2.3837 -35.293 -14.092 42.389

 Elemento 88 
40.1 -1.0848 -24.016 -11.335 -16.084 12.419
-1.0848 14.096 -13.335 -6.9813 14.419 -7.1146
-24.016 -13.335 28.349 15.541 -4.3326 -2.2068
-11.335 -6.9813 15.541 43.186 -4.2068 -36.204
-16.084 14.419 -4.3326 -4.2068 20.416 -10.212
12.419 -7.1146 -2.2068 -36.204 -10.212 43.319

 Elemento 89 
39.755 8.0523 -12.941 -13.705 -26.814 5.6531
8.0523 17.425 -15.705 -16.61 7.6531 -0.8155
-12.941 -15.705 18.299 5.8676 -5.3574 9.8377
-13.705 -16.61 5.8676 47.969 7.8377 -31.36
-26.814 7.6531 -5.3574 7.8377 32.171 -15.491
5.6531 -0.8155 9.8377 -31.36 -15.491 32.175

 Elemento 90 
28.761 -15.222 -27.141 11.88 -1.6199 3.3418
-15.222 36.456 9.8798 -5.8235 5.3418 -30.633
-27.141 9.8798 45.083 3.3262 -17.942 -13.206
11.88 -5.8235 3.3262 16.291 -15.206 -10.468
-1.6199 5.3418 -17.942 -15.206 19.562 9.8642
3.3418 -30.633 -13.206 -10.468 9.8642 41.1

 Elemento 91 
16.665 6.2028 -3.8693 9.1212 -12.796 -15.324
6.2028 42.089 7.1212 -29.871 -13.324 -12.217
-3.8693 7.1212 34.502 -16.613 -30.632 9.4917
9.1212 -29.871 -16.613 34.506 7.4917 -4.6344
-12.796 -13.324 -30.632 7.4917 43.428 5.8323
-15.324 -12.217 9.4917 -4.6344 5.8323 16.852

 Elemento 92 
51.256 -8.5456 -16.663 -8.6087 -34.593 17.154
-8.5456 20.97 -10.609 2.1858 19.154 -23.156
-16.663 -10.609 16.343 8.9722 0.32037 1.6365
-8.6087 2.1858 8.9722 26.933 -0.36353 -29.118
-34.593 19.154 0.32037 -0.36353 34.272 -18.791
17.154 -23.156 1.6365 -29.118 -18.791 52.274

 Elemento 93 
50.287 11.086 -33.848 -18.369 -16.439 7.2832
11.086 22.899 -20.369 -27.318 9.2832 4.4187
-33.848 -20.369 33.919 18.597 -0.071101 1.7723
-18.369 -27.318 18.597 57.044 -0.22774 -29.727
-16.439 9.2832 -0.071101 -0.22774 16.51 -9.0555
7.2832 4.4187 1.7723 -29.727 -9.0555 25.308

 Elemento 94 
28.66 10.257 5.2847 -6.9712 -33.945 -3.286
10.257 18.702 -8.9712 -15.878 -1.286 -2.8238
5.2847 -8.9712 20.514 -10.282 -25.799 19.253
-6.9712 -15.878 -10.282 43.424 17.253 -27.546
-33.945 -1.286 -25.799 17.253 59.743 -15.967
-3.286 -2.8238 19.253 -27.546 -15.967 30.37

 Elemento 95 
38.312 -10.58 -32.683 -1.2125 -5.6291 11.793
-10.58 19.918 -3.2125 -2.0795 13.793 -17.839
-32.683 -3.2125 42.498 15.511 -9.8149 -12.298
-1.2125 -2.0795 15.511 28.332 -14.298 -26.252
-5.6291 13.793 -9.8149 -14.298 15.444 0.50575
11.793 -17.839 -12.298 -26.252 0.50575 44.091

 Elemento 96 
17.955 3.1814 -4.774 12.459 -13.18 -15.641
3.1814 50.096 10.459 -22.889 -13.641 -27.207
-4.774 10.459 32.459 -11.846 -27.685 1.3863
12.459 -22.889 -11.846 21.636 -0.6137 1.2522
-13.18 -13.641 -27.685 -0.6137 40.866 14.254
-15.641 -27.207 1.3863 1.2522 14.254 25.955

 Elemento 97 
34.504 -1.2918 -23.698 -11.083 -10.806 12.374
-1.2918 12.177 -13.083 -6.3417 14.374 -5.8353
-23.698 -13.083 32.506 17.814 -8.8081 -4.7316
-11.083 -6.3417 17.814 49.291 -6.7316 -42.949
-10.806 14.374 -8.8081 -6.7316 19.614 -7.6427
12.374 -5.8353 -4.7316 -42.949 -7.6427 48.784

 Elemento 98 
21.019 10.67 -7.792 2.0147 -13.228 -12.685
10.67 43.78 0.014736 -43.641 -10.685 -0.13927
-7.792 0.014736 29.53 -15.743 -21.739 15.728
2.0147 -43.641 -15.743 56.293 13.728 -12.652
-13.228 -10.685 -21.739 13.728 34.966 -3.0432
-12.685 -0.13927 15.728 -12.652 -3.0432 12.792

 Elemento 99 
17.257 -8.1407 -10.943 12.824 -6.3136 -4.6833
-8.1407 38.758 10.824 0.89644 -2.6833 -39.654
-10.943 10.824 39.391 3.5862 -28.448 -14.41
12.824 0.89644 3.5862 14.47 -16.41 -15.366
-6.3136 -2.6833 -28.448 -16.41 34.761 19.093
-4.6833 -39.654 -14.41 -15.366 19.093 55.02

 Elemento 100 
22.177 -10.673 -14.773 14.378 -7.4039 -3.7047
-10.673 48.967 12.378 -6.6305 -1.7047 -42.337
-14.773 12.378 35.092 -0.93453 -20.319 -11.444
14.378 -6.6305 -0.93453 12.334 -13.444 -5.7035
-7.4039 -1.7047 -20.319 -13.444 27.723 15.148
-3.7047 -42.337 -11.444 -5.7035 15.148 48.04

 Elemento 101 
35.761 13.931 -18.158 -15.24 -17.603 1.3085
13.931 25.737 -17.24 -34.104 3.3085 8.3669
-18.158 -17.24 24.879 6.7996 -6.7211 10.44
-15.24 -34.104 6.7996 66.949 8.4401 -32.845
-17.603 3.3085 -6.7211 8.4401 24.325 -11.749
1.3085 8.3669 10.44 -32.845 -11.749 24.478

 Elemento 102 
33.826 17.217 3.6271 -2.0448 -37.453 -15.172
17.217 38.289 -4.0448 -23.38 -13.172 -14.91
3.6271 -4.0448 16.944 -9.2774 -20.571 13.322
-2.0448 -23.38 -9.2774 28.901 11.322 -5.5216
-37.453 -13.172 -20.571 11.322 58.024 1.8502
-15.172 -14.91 13.322 -5.5216 1.8502 20.431

 Elemento 103 
34.377 -17.545 -37.45 15.305 3.0736 2.2402
-17.545 39.184 13.305 -15.127 4.2402 -24.057
-37.45 13.305 57.089 -2.0309 -19.639 -11.274
15.305 -15.127 -2.0309 20.131 -13.274 -5.0041
3.0736 4.2402 -19.639 -13.274 16.565 9.0339
2.2402 -24.057 -11.274 -5.0041 9.0339 29.061

 Elemento 104 
24.989 -10.836 -25.369 4.0189 0.38012 6.8167
-10.836 20.839 2.0189 2.2599 8.8167 -23.098
-25.369 2.0189 48.165 14.756 -22.796 -16.775
4.0189 2.2599 14.756 27.118 -18.775 -29.378
0.38012 8.8167 -22.796 -18.775 22.416 9.9578
6.8167 -23.098 -16.775 -29.378 9.9578 52.477

 Elemento 105 
26.79 10.617 0.31843 -7.8766 -27.108 -2.7401
10.617 19.702 -9.8766 -21.166 -0.74013 1.4637
0.31843 -9.8766 20.907 -8.4967 -21.226 18.373
-7.8766 -21.166 -8.4967 51.162 16.373 -29.996
-27.108 -0.74013 -21.226 16.373 48.334 -15.633
-2.7401 1.4637 18.373 -29.996 -15.633 28.532

 Elemento 106 
22.803 12.485 1.1507 2.6932 -23.954 -15.178
12.485 38.905 0.69324 -27.602 -13.178 -11.302
1.1507 0.69324 24.616 -13.307 -25.767 12.613
2.6932 -27.602 -13.307 33.978 10.613 -6.3752
-23.954 -13.178 -25.767 10.613 49.721 2.565
-15.178 -11.302 12.613 -6.3752 2.565 17.678

 Elemento 107 
23.164 -12.611 -24.628 12.672 1.4643 -0.06087
-12.611 33.267 10.672 -5.9706 1.9391 -27.296
-24.628 10.672 50.361 2.5981 -25.732 -13.27
12.672 -5.9706 2.5981 17.905 -15.27 -11.935
1.4643 1.9391 -25.732 -15.27 24.268 13.331
-0.06087 -27.296 -13.27 -11.935 13.331 39.231

 Elemento 108 
33.452 -12.425 -31.694 3.1933 -1.7574 9.2312
-12.425 22.745 1.1933 -1.4934 11.231 -21.251
-31.694 1.1933 46.77 13.215 -15.076 -14.408
3.1933 -1.4934 13.215 24.719 -16.408 -23.226
-1.7574 11.231 -15.076 -16.408 16.833 5.177
9.2312 -21.251 -14.408 -23.226 5.177 44.477

 Elemento 109 
38.162 11.908 -5.6532 -11.463 -32.509 -0.4451
11.908 21.824 -13.463 -20.083 1.5549 -1.7402
-5.6532 -13.463 15.512 -1.1479 -9.8586 14.611
-11.463 -20.083 -1.1479 44.142 12.611 -24.059
-32.509 1.5549 -9.8586 12.611 42.367 -14.166
-0.4451 -1.7402 14.611 -24.059 -14.166 25.799

 Elemento 110 
16.612 -1.6658 -11.355 14.92 -5.2568 -13.254
-1.6658 47.113 12.92 -26.789 -11.254 -20.324
-11.355 12.92 41.472 -14.872 -30.117 1.9515
14.92 -26.789 -14.872 27.119 -0.04854 -0.32975
-5.2568 -11.254 -30.117 -0.04854 35.374 11.303
-13.254 -20.324 1.9515 -0.32975 11.303 20.654

 Elemento 111 
25.989 14.154 -2.5143 1.3317 -23.475 -15.486
14.154 45.939 -0.66826 -33.854 -13.486 -12.084
-2.5143 -0.66826 21.791 -11.932 -19.276 12.6
1.3317 -33.854 -11.932 37.139 10.6 -3.2846
-23.475 -13.486 -19.276 10.6 42.751 2.8859
-15.486 -12.084 12.6 -3.2846 2.8859 15.369

 Elemento 112 
46.918 -1.0826 -24.147 -11.431 -22.771 12.514
-1.0826 16.473 -13.431 -7.2321 14.514 -9.2412
-24.147 -13.431 24.363 13.358 -0.21619 0.073337
-11.431 -7.2321 13.358 37.169 -1.9267 -29.937
-22.771 14.514 -0.21619 -1.9267 22.987 -12.587
12.514 -9.2412 0.073337 -29.937 -12.587 39.179

 Elemento 113 
27.635 -14.626 -26.035 11.294 -1.6 3.3312
-14.626 35.029 9.2944 -4.4215 5.3312 -30.608
-26.035 9.2944 44.792 4.3092 -18.757 -13.604
11.294 -4.4215 4.3092 16.545 -15.604 -12.123
-1.6 5.3312 -18.757 -15.604 20.357 10.272
3.3312 -30.608 -13.604 -12.123 10.272 42.731

 Elemento 114 
45.764 -7.3061 -27.196 -7.0973 -18.569 14.403
-7.3061 18.493 -9.0973 -2.369 16.403 -16.124
-27.196 -9.0973 28.398 14.157 -1.2021 -5.06
-7.0973 -2.369 14.157 30.584 -7.06 -28.215
-18.569 16.403 -1.2021 -7.06 19.771 -9.3433
14.403 -16.124 -5.06 -28.215 -9.3433 44.34

 Elemento 115 
48.205 7.433 -28.393 -15.855 -19.812 8.4224
7.433 19.301 -17.855 -19.695 10.422 0.39379
-28.393 -17.855 28.341 15.486 0.052537 2.3696
-15.855 -19.695 15.486 49.111 0.36962 -29.416
-19.812 10.422 0.052537 0.36962 19.76 -10.792
8.4224 0.39379 2.3696 -29.416 -10.792 29.022

 Elemento 116 
19.232 -6.723 -18.976 17.662 -0.2561 -10.939
-6.723 49.439 15.662 -29.904 -8.9389 -19.535
-18.976 15.662 47.841 -16.156 -28.865 0.49451
17.662 -29.904 -16.156 29.415 -1.5055 0.48881
-0.2561 -8.9389 -28.865 -1.5055 29.121 10.444
-10.939 -19.535 0.49451 0.48881 10.444 19.046

 Elemento 117 
19.753 7.4244 -9.5771 6.881 -10.176 -14.305
7.4244 49.733 4.881 -44.41 -12.305 -5.323
-9.5771 4.881 32.994 -18.104 -23.417 13.223
6.881 -44.41 -18.104 50.917 11.223 -6.5069
-10.176 -12.305 -23.417 11.223 33.593 1.0822
-14.305 -5.323 13.223 -6.5069 1.0822 11.83

 Elemento 118 
14.184 3.6636 -6.7868 10.72 -7.3973 -14.384
3.6636 38.438 8.7205 -32.339 -12.384 -6.0986
-6.7868 8.7205 42.728 -20.338 -35.941 11.618
10.72 -32.339 -20.338 41.777 9.6179 -9.4379
-7.3973 -12.384 -35.941 9.6179 43.339 2.7662
-14.384 -6.0986 11.618 -9.4379 2.7662 15.536

 Elemento 119 
42.854 -18.441 -38.367 9.4301 -4.4866 9.0113
-18.441 35.327 7.4301 -8.391 11.011 -26.936
-38.367 7.4301 47.418 5.3105 -9.0508 -12.741
9.4301 -8.391 5.3105 17.845 -14.741 -9.4537
-4.4866 11.011 -9.0508 -14.741 13.537 3.7293
9.0113 -26.936 -12.741 -9.4537 3.7293 36.39

 Elemento 120 
44.728 1.597 -6.6929 -12.211 -38.035 10.614
1.597 15.773 -14.211 -4.2883 12.614 -11.485
-6.6929 -14.211 13.522 3.471 -6.8287 10.74
-12.211 -4.2883 3.471 36.669 8.7405 -32.38
-38.035 12.614 -6.8287 8.7405 44.864 -21.355
10.614 -11.485 10.74 -32.38 -21.355 43.866

 Elemento 121 
14.25 3.9708 -4.0146 11.085 -10.236 -15.056
3.9708 38.246 9.0849 -25.822 -13.056 -12.425
-4.0146 9.0849 40.429 -16.947 -36.414 7.8625
11.085 -25.822 -16.947 32.075 5.8625 -6.2534
-10.236 -13.056 -36.414 5.8625 46.65 7.1931
-15.056 -12.425 7.8625 -6.2534 7.1931 18.678

 Elemento 122 
23.124 4.0974 -10.578 11.431 -12.546 -15.528
4.0974 64.518 9.4308 -39.082 -13.528 -25.436
-10.578 9.4308 29.057 -14.692 -18.479 5.261
11.431 -39.082 -14.692 32.354 3.261 6.7282
-12.546 -13.528 -18.479 3.261 31.024 10.267
-15.528 -25.436 5.261 6.7282 10.267 18.708

 Elemento 123 
19.138 -10.513 -20.109 11.885 0.97138 -1.3723
-10.513 30.391 9.8849 -2.2714 0.62773 -28.12
-20.109 9.8849 50.391 4.8054 -30.282 -14.69
11.885 -2.2714 4.8054 18.596 -16.69 -16.325
0.97138 0.62773 -30.282 -16.69 29.31 16.063
-1.3723 -28.12 -14.69 -16.325 16.063 44.445

 Elemento 124 
22.922 8.8283 -2.004 9.498 -20.918 -18.326
8.8283 57.246 7.498 -25.803 -16.326 -31.443
-2.004 7.498 24.606 -10.963 -22.602 3.465
9.498 -25.803 -10.963 21.413 1.465 4.3902
-20.918 -16.326 -22.602 1.465 43.52 14.861
-18.326 -31.443 3.465 4.3902 14.861 27.053

 Elemento 125 
65.781 -11.858 -43.823 -3.3806 -21.958 15.238
-11.858 27.589 -5.3806 -8.6457 17.238 -18.943
-43.823 -5.3806 37.708 12.634 6.1152 -7.2534
-3.3806 -8.6457 12.634 23.007 -9.2534 -14.361
-21.958 17.238 6.1152 -9.2534 15.843 -7.985
15.238 -18.943 -7.2534 -14.361 -7.985 33.305

 Elemento 126 
17.538 5.0185 -3.4623 11.106 -14.076 -16.125
5.0185 46.89 9.1063 -24.709 -14.125 -22.181
-3.4623 9.1063 32.614 -13.323 -29.152 4.2169
11.106 -24.709 -13.323 24.964 2.2169 -0.25448
-14.076 -14.125 -29.152 2.2169 43.228 11.908
-16.125 -22.181 4.2169 -0.25448 11.908 22.435

 Elemento 127 
40.927 6.0623 -16.046 -13.895 -24.881 7.833
6.0623 16.225 -15.895 -14.36 9.833 -1.8648
-16.046 -15.895 19.974 8.7213 -3.9279 7.174
-13.895 -14.36 8.7213 47.225 5.174 -32.865
-24.881 9.833 -3.9279 5.174 28.809 -15.007
7.833 -1.8648 7.174 -32.865 -15.007 34.73

 Elemento 128 
30.186 -16.261 -29.388 14.281 -0.79791 1.9797
-16.261 40.983 12.281 -10.811 3.9797 -30.172
-29.388 12.281 47.163 -0.45401 -17.775 -11.827
14.281 -10.811 -0.45401 16.516 -13.827 -5.7048
-0.79791 3.9797 -17.775 -13.827 18.573 9.8472
1.9797 -30.172 -11.827 -5.7048 9.8472 35.877

 Elemento 129 
13.862 -2.595 -8.0541 14.73 -5.808 -12.135
-2.595 38.566 12.73 -12.298 -10.135 -26.268
-8.0541 12.73 45.077 -7.5155 -37.023 -5.2141
14.73 -12.298 -7.5155 18.442 -7.2141 -6.1442
-5.808 -10.135 -37.023 -7.2141 42.831 17.349
-12.135 -26.268 -5.2141 -6.1442 17.349 32.412

 Elemento 130 
46.92 10.344 -10.086 -13.131 -36.834 2.7871
10.344 21.366 -15.131 -16.498 4.7871 -4.8683
-10.086 -15.131 14.103 2.9662 -4.0172 12.165
-13.131 -16.498 2.9662 38.949 10.165 -22.451
-36.834 4.7871 -4.0172 10.165 40.851 -14.952
2.7871 -4.8683 12.165 -22.451 -14.952 27.319

 Elemento 131 
47.63 22.65 -22.255 -16.092 -25.375 -6.5579
22.65 46.484 -18.092 -47.398 -4.5579 0.91441
-22.255 -18.092 22.156 5.4365 0.099339 12.655
-16.092 -47.398 5.4365 60.378 10.655 -12.98
-25.375 -4.5579 0.099339 10.655 25.276 -6.0976
-6.5579 0.91441 12.655 -12.98 -6.0976 12.065

 Elemento 132 
21.463 11.055 -6.4458 -6.8408 -15.018 -4.2142
11.055 25.061 -8.8408 -35.34 -2.2142 10.278
-6.4458 -8.8408 28.027 -9.7261 -21.581 18.567
-6.8408 -35.34 -9.7261 72.179 16.567 -36.839
-15.018 -2.2142 -21.581 16.567 36.598 -14.353
-4.2142 10.278 18.567 -36.839 -14.353 26.561

 Elemento 133 
21.344 -11.01 -14.965 4.2458 -6.3797 6.7638
-11.01 25.021 2.2458 10.311 8.7638 -35.332
-14.965 2.2458 36.728 14.393 -21.764 -16.639
4.2458 10.311 14.393 26.631 -18.639 -36.942
-6.3797 8.7638 -21.764 -18.639 28.143 9.8754
6.7638 -35.332 -16.639 -36.942 9.8754 72.274

 Elemento 134 
15.564 -2.7413 -16.653 16.247 1.0891 -13.506
-2.7413 43.437 14.247 -36.966 -11.506 -6.4716
-16.653 14.247 53.799 -23.152 -37.147 8.9047
16.247 -36.966 -23.152 44.351 6.9047 -7.3847
1.0891 -11.506 -37.147 6.9047 36.058 4.6008
-13.506 -6.4716 8.9047 -7.3847 4.6008 13.856

 Elemento 135 
31.481 8.7132 5.21 -8.7875 -36.691 0.074285
8.7132 16.393 -10.788 -12.233 2.0743 -4.1602
5.21 -10.788 18.651 -8.4016 -23.861 19.189
-8.7875 -12.233 -8.4016 43.289 17.189 -31.056
-36.691 2.0743 -23.861 17.189 60.552 -19.263
0.074285 -4.1602 19.189 -31.056 -19.263 35.216

 Elemento 136 
27.776 15.234 -1.1984 1.0858 -26.578 -16.32
15.234 46.531 -0.91423 -31.624 -14.32 -14.907
-1.1984 -0.91423 20.213 -11.093 -19.014 12.007
1.0858 -31.624 -11.093 33.527 10.007 -1.9034
-26.578 -14.32 -19.014 10.007 45.592 4.3123
-16.32 -14.907 12.007 -1.9034 4.3123 16.811

 Elemento 137 
23.967 -13.15 -9.4584 6.8383 -14.509 6.3117
-13.15 39.933 4.8383 13.869 8.3117 -53.802
-9.4584 4.8383 27.098 10.26 -17.639 -15.098
6.8383 13.869 10.26 18.84 -17.098 -32.709
-14.509 8.3117 -17.639 -17.098 32.148 8.7863
6.3117 -53.802 -15.098 -32.709 8.7863 86.511

 Elemento 138 
37.34 5.0146 -16.351 -13.801 -20.989 8.7868
5.0146 14.489 -15.801 -13.597 10.787 -0.89228
-16.351 -15.801 22.157 9.9872 -5.8067 5.8142
-13.801 -13.597 9.9872 51.409 3.8142 -37.812
-20.989 10.787 -5.8067 3.8142 26.795 -14.601
8.7868 -0.89228 5.8142 -37.812 -14.601 38.705

 Elemento 139 
20.181 9.0965 -1.9999 7.5301 -18.181 -16.627
9.0965 46.824 5.5301 -28.98 -14.627 -17.844
-1.9999 5.5301 27.947 -13.891 -25.947 8.3608
7.5301 -28.98 -13.891 29.896 6.3608 -0.91556
-18.181 -14.627 -25.947 6.3608 44.128 8.2658
-16.627 -17.844 8.3608 -0.91556 8.2658 18.76

 Elemento 140 
29.984 -8.1715 -28.644 -2.481 -1.3398 10.653
-8.1715 15.446 -4.481 -0.038729 12.653 -15.407
-28.644 -4.481 46.041 19.199 -17.397 -14.718
-2.481 -0.038729 19.199 36.256 -16.718 -36.217
-1.3398 12.653 -17.397 -16.718 18.737 4.065
10.653 -15.407 -14.718 -36.217 4.065 51.624

 Elemento 141 
33.77 16.059 6.6474 -2.3479 -40.417 -13.711
16.059 32.957 -4.3479 -19.191 -11.711 -13.765
6.6474 -4.3479 17.891 -9.826 -24.539 14.174
