Elemento 0, scale = 2.161636e+07
[[ 0.27  0.01 -0.02  0.27 -0.25 -0.27]
 [ 0.01  0.76  0.23 -0.08 -0.24 -0.68]
 [-0.02  0.23  0.77 -0.05 -0.75 -0.17]
 [ 0.27 -0.08 -0.05  0.28 -0.21 -0.2 ]
 [-0.25 -0.24 -0.75 -0.21  1.    0.45]
 [-0.27 -0.68 -0.17 -0.2   0.45  0.88]]
Elemento 1, scale = 1.922407e+07
[[ 0.47 -0.24 -0.43  0.35 -0.04 -0.11]
 [-0.24  1.    0.31 -0.32 -0.07 -0.68]
 [-0.43  0.31  0.93 -0.13 -0.5  -0.18]
 [ 0.35 -0.32 -0.13  0.36 -0.22 -0.04]
 [-0.04 -0.07 -0.5  -0.22  0.55  0.29]
 [-0.11 -0.68 -0.18 -0.04  0.29  0.71]]
Elemento 2, scale = 1.907849e+07
[[ 0.5  -0.28 -0.49  0.26 -0.01  0.01]
 [-0.28  0.75  0.22 -0.09  0.05 -0.65]
 [-0.49  0.22  1.    0.07 -0.51 -0.29]
 [ 0.26 -0.09  0.07  0.36 -0.34 -0.27]
 [-0.01  0.05 -0.51 -0.34  0.52  0.28]
 [ 0.01 -0.65 -0.29 -0.27  0.28  0.92]]
Elemento 3, scale = 2.039884e+07
[[ 0.5   0.28  0.02  0.02 -0.52 -0.29]
 [ 0.28  0.77 -0.02 -0.57 -0.25 -0.2 ]
 [ 0.02 -0.02  0.46 -0.25 -0.48  0.27]
 [ 0.02 -0.57 -0.25  0.71  0.23 -0.15]
 [-0.52 -0.25 -0.48  0.23  1.    0.02]
 [-0.29 -0.2   0.27 -0.15  0.02  0.35]]
Elemento 4, scale = 1.940882e+07
[[ 0.73 -0.4  -0.56  0.27 -0.17  0.13]
 [-0.4   1.    0.23 -0.15  0.17 -0.85]
 [-0.56  0.23  0.77  0.04 -0.21 -0.26]
 [ 0.27 -0.15  0.04  0.27 -0.31 -0.13]
 [-0.17  0.17 -0.21 -0.31  0.38  0.14]
 [ 0.13 -0.85 -0.26 -0.13  0.14  0.98]]
Elemento 5, scale = 2.345339e+07
[[ 1.    0.06 -0.61 -0.24 -0.39  0.19]
 [ 0.06  0.36 -0.28 -0.27  0.22 -0.09]
 [-0.61 -0.28  0.54  0.29  0.07 -0.01]
 [-0.24 -0.27  0.29  0.69 -0.04 -0.42]
 [-0.39  0.22  0.07 -0.04  0.33 -0.18]
 [ 0.19 -0.09 -0.01 -0.42 -0.18  0.51]]
Elemento 6, scale = 1.763562e+07
[[ 0.5   0.27 -0.06  0.06 -0.44 -0.33]
 [ 0.27  0.94  0.01 -0.79 -0.28 -0.15]
 [-0.06  0.01  0.62 -0.34 -0.56  0.33]
 [ 0.06 -0.79 -0.34  0.99  0.28 -0.2 ]
 [-0.44 -0.28 -0.56  0.28  1.   -0.  ]
 [-0.33 -0.15  0.33 -0.2  -0.    0.35]]
Elemento 7, scale = 1.965830e+07
[[ 0.34  0.17 -0.07  0.11 -0.27 -0.28]
 [ 0.17  0.74  0.07 -0.7  -0.24 -0.04]
 [-0.07  0.07  0.73 -0.4  -0.67  0.33]
 [ 0.11 -0.7  -0.4   1.    0.29 -0.3 ]
 [-0.27 -0.24 -0.67  0.29  0.94 -0.05]
 [-0.28 -0.04  0.33 -0.3  -0.05  0.33]]
Elemento 8, scale = 2.167177e+07
[[ 0.46  0.25  0.05  0.01 -0.51 -0.26]
 [ 0.25  0.65 -0.03 -0.49 -0.22 -0.16]
 [ 0.05 -0.03  0.44 -0.24 -0.49  0.27]
 [ 0.01 -0.49 -0.24  0.68  0.24 -0.19]
 [-0.51 -0.22 -0.49  0.24  1.   -0.02]
 [-0.26 -0.16  0.27 -0.19 -0.02  0.35]]
Elemento 9, scale = 1.964382e+07
[[ 5.51e-01 -3.02e-01 -5.52e-01  3.13e-01  8.96e-04 -1.04e-02]
 [-3.02e-01  8.55e-01  2.71e-01 -2.35e-01  3.15e-02 -6.20e-01]
 [-5.52e-01  2.71e-01  1.00e+00 -3.55e-02 -4.48e-01 -2.35e-01]
 [ 3.13e-01 -2.35e-01 -3.55e-02  3.53e-01 -2.77e-01 -1.18e-01]
 [ 8.96e-04  3.15e-02 -4.48e-01 -2.77e-01  4.48e-01  2.46e-01]
 [-1.04e-02 -6.20e-01 -2.35e-01 -1.18e-01  2.46e-01  7.38e-01]]
Elemento 10, scale = 2.308654e+07
[[ 0.41 -0.23 -0.31  0.19 -0.1   0.04]
 [-0.23  0.66  0.15  0.03  0.08 -0.69]
 [-0.31  0.15  0.67  0.11 -0.35 -0.26]
 [ 0.19  0.03  0.11  0.27 -0.3  -0.31]
 [-0.1   0.08 -0.35 -0.3   0.46  0.22]
 [ 0.04 -0.69 -0.26 -0.31  0.22  1.  ]]
Elemento 11, scale = 1.873841e+07
[[ 0.44 -0.23 -0.35  0.3  -0.09 -0.08]
 [-0.23  0.91  0.26 -0.11 -0.03 -0.8 ]
 [-0.35  0.26  0.89  0.01 -0.54 -0.27]
 [ 0.3  -0.11  0.01  0.31 -0.31 -0.2 ]
 [-0.09 -0.03 -0.54 -0.31  0.63  0.35]
 [-0.08 -0.8  -0.27 -0.2   0.35  1.  ]]
Elemento 12, scale = 2.070121e+07
[[ 0.45  0.25  0.03  0.07 -0.48 -0.31]
 [ 0.25  0.79  0.03 -0.54 -0.27 -0.26]
 [ 0.03  0.03  0.49 -0.26 -0.52  0.24]
 [ 0.07 -0.54 -0.26  0.64  0.2  -0.11]
 [-0.48 -0.27 -0.52  0.2   1.    0.08]
 [-0.31 -0.26  0.24 -0.11  0.08  0.36]]
Elemento 13, scale = 2.081551e+07
[[ 0.68  0.23 -0.14 -0.23 -0.54 -0.  ]
 [ 0.23  0.42 -0.27 -0.45  0.04  0.03]
 [-0.14 -0.27  0.35 -0.02 -0.22  0.29]
 [-0.23 -0.45 -0.02  1.    0.25 -0.55]
 [-0.54  0.04 -0.22  0.25  0.76 -0.29]
 [-0.    0.03  0.29 -0.55 -0.29  0.53]]
Elemento 14, scale = 1.845821e+07
[[ 0.65  0.34 -0.06 -0.11 -0.58 -0.23]
 [ 0.34  0.77 -0.15 -0.7  -0.18 -0.07]
 [-0.06 -0.15  0.44 -0.2  -0.37  0.35]
 [-0.11 -0.7  -0.2   1.    0.31 -0.3 ]
 [-0.58 -0.18 -0.37  0.31  0.96 -0.12]
 [-0.23 -0.07  0.35 -0.3  -0.12  0.37]]
Elemento 15, scale = 2.003821e+07
[[ 0.62  0.34 -0.13 -0.05 -0.5  -0.29]
 [ 0.34  1.   -0.09 -0.81 -0.25 -0.19]
 [-0.13 -0.09  0.41 -0.19 -0.28  0.28]
 [-0.05 -0.81 -0.19  0.9   0.24 -0.09]
 [-0.5  -0.25 -0.28  0.24  0.78  0.01]
 [-0.29 -0.19  0.28 -0.09  0.01  0.27]]
Elemento 16, scale = 2.407622e+07
[[ 0.65  0.24  0.05 -0.13 -0.7  -0.11]
 [ 0.24  0.44 -0.16 -0.31 -0.08 -0.13]
 [ 0.05 -0.16  0.25 -0.11 -0.3   0.28]
 [-0.13 -0.31 -0.11  0.59  0.25 -0.28]
 [-0.7  -0.08 -0.3   0.25  1.   -0.17]
 [-0.11 -0.13  0.28 -0.28 -0.17  0.41]]
Elemento 17, scale = 1.957886e+07
[[ 1.   -0.48 -0.77  0.25 -0.23  0.22]
 [-0.48  0.98  0.21 -0.21  0.27 -0.76]
 [-0.77  0.21  0.85  0.05 -0.07 -0.26]
 [ 0.25 -0.21  0.05  0.3  -0.3  -0.09]
 [-0.23  0.27 -0.07 -0.3   0.3   0.03]
 [ 0.22 -0.76 -0.26 -0.09  0.03  0.85]]
Elemento 18, scale = 1.750443e+07
[[ 0.56  0.31 -0.07  0.03 -0.49 -0.33]
 [ 0.31  1.   -0.02 -0.82 -0.29 -0.18]
 [-0.07 -0.02  0.56 -0.31 -0.49  0.33]
 [ 0.03 -0.82 -0.31  0.98  0.28 -0.16]
 [-0.49 -0.29 -0.49  0.28  0.98  0.01]
 [-0.33 -0.18  0.33 -0.16  0.01  0.34]]
Elemento 19, scale = 2.073702e+07
[[ 0.68  0.34 -0.   -0.08 -0.67 -0.27]
 [ 0.34  0.77 -0.12 -0.55 -0.23 -0.22]
 [-0.   -0.12  0.33 -0.17 -0.33  0.28]
 [-0.08 -0.55 -0.17  0.68  0.24 -0.13]
 [-0.67 -0.23 -0.33  0.24  1.   -0.02]
 [-0.27 -0.22  0.28 -0.13 -0.02  0.35]]
Elemento 20, scale = 1.932726e+07
[[ 0.48  0.26 -0.01  0.03 -0.48 -0.29]
 [ 0.26  0.79 -0.02 -0.64 -0.25 -0.15]
 [-0.01 -0.02  0.53 -0.29 -0.52  0.31]
 [ 0.03 -0.64 -0.29  0.85  0.27 -0.2 ]
 [-0.48 -0.25 -0.52  0.27  1.   -0.02]
 [-0.29 -0.15  0.31 -0.2  -0.02  0.35]]
Elemento 21, scale = 2.654606e+07
[[ 0.18  0.08  0.04  0.17 -0.22 -0.24]
 [ 0.08  0.45  0.14 -0.25 -0.21 -0.2 ]
 [ 0.04  0.14  0.74 -0.24 -0.78  0.1 ]
 [ 0.17 -0.25 -0.24  0.44  0.07 -0.19]
 [-0.22 -0.21 -0.78  0.07  1.    0.14]
 [-0.24 -0.2   0.1  -0.19  0.14  0.39]]
Elemento 22, scale = 2.252893e+07
[[ 0.49 -0.27 -0.55  0.29  0.06 -0.02]
 [-0.27  0.71  0.25 -0.26  0.01 -0.45]
 [-0.55  0.25  1.   -0.07 -0.45 -0.19]
 [ 0.29 -0.26 -0.07  0.36 -0.22 -0.1 ]
 [ 0.06  0.01 -0.45 -0.22  0.39  0.21]
 [-0.02 -0.45 -0.19 -0.1   0.21  0.55]]
Elemento 23, scale = 2.263429e+07
[[ 0.4   0.22  0.06  0.04 -0.47 -0.26]
 [ 0.22  0.62  0.   -0.44 -0.23 -0.18]
 [ 0.06  0.    0.47 -0.25 -0.53  0.25]
 [ 0.04 -0.44 -0.25  0.61  0.21 -0.17]
 [-0.47 -0.23 -0.53  0.21  1.    0.02]
 [-0.26 -0.18  0.25 -0.17  0.02  0.35]]
Elemento 24, scale = 1.918489e+07
[[ 0.29 -0.04 -0.11  0.31 -0.18 -0.26]
 [-0.04  0.81  0.26 -0.14 -0.22 -0.67]
 [-0.11  0.26  0.94 -0.08 -0.82 -0.19]
 [ 0.31 -0.14 -0.08  0.34 -0.23 -0.2 ]
 [-0.18 -0.22 -0.82 -0.23  1.    0.45]
 [-0.26 -0.67 -0.19 -0.2   0.45  0.88]]
Elemento 25, scale = 2.129108e+07
[[ 0.33  0.17  0.02  0.13 -0.35 -0.3 ]
 [ 0.17  0.7   0.09 -0.49 -0.26 -0.21]
 [ 0.02  0.09  0.63 -0.31 -0.65  0.22]
 [ 0.13 -0.49 -0.31  0.64  0.18 -0.15]
 [-0.35 -0.26 -0.65  0.18  1.    0.08]
 [-0.3  -0.21  0.22 -0.15  0.08  0.36]]
Elemento 26, scale = 2.448825e+07
[[ 1.    0.04 -0.44 -0.22 -0.56  0.18]
 [ 0.04  0.35 -0.25 -0.19  0.22 -0.17]
 [-0.44 -0.25  0.35  0.19  0.09  0.06]
 [-0.22 -0.19  0.19  0.55  0.02 -0.36]
 [-0.56  0.22  0.09  0.02  0.47 -0.24]
 [ 0.18 -0.17  0.06 -0.36 -0.24  0.53]]
Elemento 27, scale = 2.375372e+07
[[ 1.    0.07 -0.39 -0.23 -0.61  0.16]
 [ 0.07  0.36 -0.27 -0.21  0.2  -0.15]
 [-0.39 -0.27  0.32  0.18  0.07  0.09]
 [-0.23 -0.21  0.18  0.59  0.06 -0.38]
 [-0.61  0.2   0.07  0.06  0.54 -0.26]
 [ 0.16 -0.15  0.09 -0.38 -0.26  0.53]]
Elemento 28, scale = 1.983864e+07
[[ 0.75 -0.07 -0.53 -0.2  -0.22  0.27]
 [-0.07  0.27 -0.24 -0.09  0.31 -0.18]
 [-0.53 -0.24  0.69  0.37 -0.17 -0.13]
 [-0.2  -0.09  0.37  0.91 -0.17 -0.82]
 [-0.22  0.31 -0.17 -0.17  0.39 -0.14]
 [ 0.27 -0.18 -0.13 -0.82 -0.14  1.  ]]
Elemento 29, scale = 2.174129e+07
[[ 0.44 -0.24 -0.49  0.27  0.05 -0.03]
 [-0.24  0.68  0.24 -0.19  0.01 -0.49]
 [-0.49  0.24  1.   -0.02 -0.51 -0.22]
 [ 0.27 -0.19 -0.02  0.35 -0.26 -0.16]
 [ 0.05  0.01 -0.51 -0.26  0.46  0.25]
 [-0.03 -0.49 -0.22 -0.16  0.25  0.65]]
Elemento 30, scale = 2.227536e+07
[[ 0.54 -0.27 -0.59  0.22  0.05  0.05]
 [-0.27  0.6   0.18 -0.15  0.09 -0.45]
 [-0.59  0.18  1.    0.06 -0.41 -0.25]
 [ 0.22 -0.15  0.06  0.36 -0.28 -0.21]
 [ 0.05  0.09 -0.41 -0.28  0.36  0.19]
 [ 0.05 -0.45 -0.25 -0.21  0.19  0.65]]
Elemento 31, scale = 1.891807e+07
[[ 0.75  0.4  -0.05 -0.07 -0.69 -0.33]
 [ 0.4   0.98 -0.11 -0.7  -0.28 -0.28]
 [-0.05 -0.11  0.36 -0.18 -0.31  0.29]
 [-0.07 -0.7  -0.18  0.77  0.25 -0.07]
 [-0.69 -0.28 -0.31  0.25  1.    0.03]
 [-0.33 -0.28  0.29 -0.07  0.03  0.35]]
Elemento 32, scale = 1.964764e+07
[[ 0.54 -0.29 -0.54  0.27  0.    0.02]
 [-0.29  0.75  0.23 -0.14  0.06 -0.61]
 [-0.54  0.23  1.    0.04 -0.46 -0.27]
 [ 0.27 -0.14  0.04  0.35 -0.31 -0.21]
 [ 0.    0.06 -0.46 -0.31  0.46  0.25]
 [ 0.02 -0.61 -0.27 -0.21  0.25  0.82]]
Elemento 33, scale = 1.898812e+07
[[ 1.   -0.03 -0.58 -0.24 -0.42  0.27]
 [-0.03  0.35 -0.29 -0.17  0.31 -0.18]
 [-0.58 -0.29  0.6   0.33 -0.02 -0.04]
 [-0.24 -0.17  0.33  0.83 -0.08 -0.66]
 [-0.42  0.31 -0.02 -0.08  0.44 -0.23]
 [ 0.27 -0.18 -0.04 -0.66 -0.23  0.84]]
Elemento 34, scale = 1.968988e+07
[[ 0.26 -0.06 -0.13  0.3  -0.13 -0.24]
 [-0.06  0.72  0.26 -0.11 -0.2  -0.61]
 [-0.13  0.26  1.   -0.05 -0.87 -0.2 ]
 [ 0.3  -0.11 -0.05  0.36 -0.24 -0.25]
 [-0.13 -0.2  -0.87 -0.24  1.    0.44]
 [-0.24 -0.61 -0.2  -0.25  0.44  0.86]]
Elemento 35, scale = 2.317435e+07
[[ 0.52  0.05 -0.07 -0.22 -0.45  0.16]
 [ 0.05  0.19 -0.25 -0.12  0.2  -0.07]
 [-0.07 -0.25  0.35  0.03 -0.28  0.22]
 [-0.22 -0.12  0.03  1.    0.19 -0.88]
 [-0.45  0.2  -0.28  0.19  0.73 -0.39]
 [ 0.16 -0.07  0.22 -0.88 -0.39  0.94]]
Elemento 36, scale = 2.186965e+07
[[ 0.4   0.22 -0.05 -0.03 -0.35 -0.19]
 [ 0.22  0.6  -0.07 -0.64 -0.15  0.03]
 [-0.05 -0.07  0.5  -0.26 -0.45  0.33]
 [-0.03 -0.64 -0.26  1.    0.29 -0.36]
 [-0.35 -0.15 -0.45  0.29  0.8  -0.14]
 [-0.19  0.03  0.33 -0.36 -0.14  0.33]]
Elemento 37, scale = 1.804777e+07
[[ 0.47 -0.25 -0.39  0.32 -0.07 -0.07]
 [-0.25  0.92  0.27 -0.13 -0.02 -0.8 ]
 [-0.39  0.27  0.95  0.01 -0.56 -0.28]
 [ 0.32 -0.13  0.01  0.33 -0.32 -0.2 ]
 [-0.07 -0.02 -0.56 -0.32  0.63  0.35]
 [-0.07 -0.8  -0.28 -0.2   0.35  1.  ]]
Elemento 38, scale = 1.748209e+07
[[ 1.    0.25 -0.21 -0.3  -0.79  0.05]
 [ 0.25  0.48 -0.35 -0.41  0.1  -0.07]
 [-0.21 -0.35  0.35  0.05 -0.15  0.3 ]
 [-0.3  -0.41  0.05  1.    0.26 -0.59]
 [-0.79  0.1  -0.15  0.26  0.94 -0.36]
 [ 0.05 -0.07  0.3  -0.59 -0.36  0.65]]
Elemento 39, scale = 1.944052e+07
[[ 0.44  0.24 -0.01  0.06 -0.43 -0.29]
 [ 0.24  0.78  0.01 -0.63 -0.25 -0.15]
 [-0.01  0.01  0.57 -0.31 -0.57  0.3 ]
 [ 0.06 -0.63 -0.31  0.84  0.26 -0.21]
 [-0.43 -0.25 -0.57  0.26  1.   -0.01]
 [-0.29 -0.15  0.3  -0.21 -0.01  0.35]]
Elemento 40, scale = 2.118032e+07
[[ 0.3   0.14 -0.01  0.15 -0.29 -0.29]
 [ 0.14  0.67  0.11 -0.51 -0.25 -0.16]
 [-0.01  0.11  0.72 -0.34 -0.71  0.23]
 [ 0.15 -0.51 -0.34  0.7   0.19 -0.19]
 [-0.29 -0.25 -0.71  0.19  1.    0.06]
 [-0.29 -0.16  0.23 -0.19  0.06  0.36]]
Elemento 41, scale = 2.270811e+07
[[ 0.57  0.29  0.05 -0.04 -0.62 -0.26]
 [ 0.29  0.67 -0.07 -0.45 -0.22 -0.22]
 [ 0.05 -0.07  0.33 -0.18 -0.38  0.25]
 [-0.04 -0.45 -0.18  0.57  0.22 -0.13]
 [-0.62 -0.22 -0.38  0.22  1.    0.  ]
 [-0.26 -0.22  0.25 -0.13  0.    0.35]]
Elemento 42, scale = 2.046467e+07
[[ 1.    0.   -0.71 -0.24 -0.29  0.24]
 [ 0.    0.35 -0.28 -0.25  0.28 -0.1 ]
 [-0.71 -0.28  0.73  0.37 -0.02 -0.09]
 [-0.24 -0.25  0.37  0.83 -0.13 -0.58]
 [-0.29  0.28 -0.02 -0.13  0.31 -0.15]
 [ 0.24 -0.1  -0.09 -0.58 -0.15  0.68]]
Elemento 43, scale = 2.224517e+07
[[ 0.29  0.05  0.02  0.25 -0.31 -0.3 ]
 [ 0.05  0.81  0.22 -0.1  -0.26 -0.71]
 [ 0.02  0.22  0.67 -0.07 -0.69 -0.14]
 [ 0.25 -0.1  -0.07  0.25 -0.18 -0.15]
 [-0.31 -0.26 -0.69 -0.18  1.    0.44]
 [-0.3  -0.71 -0.14 -0.15  0.44  0.86]]
Elemento 44, scale = 1.941456e+07
[[ 2.80e-01  5.37e-04 -1.65e-01  2.97e-01 -1.14e-01 -2.97e-01]
 [ 5.37e-04  7.99e-01  2.54e-01 -4.74e-01 -2.55e-01 -3.24e-01]
 [-1.65e-01  2.54e-01  1.00e+00 -3.28e-01 -8.35e-01  7.34e-02]
 [ 2.97e-01 -4.74e-01 -3.28e-01  5.98e-01  3.09e-02 -1.23e-01]
 [-1.14e-01 -2.55e-01 -8.35e-01  3.09e-02  9.49e-01  2.24e-01]
 [-2.97e-01 -3.24e-01  7.34e-02 -1.23e-01  2.24e-01  4.48e-01]]
Elemento 45, scale = 1.999134e+07
[[ 0.48  0.26 -0.03 -0.05 -0.45 -0.21]
 [ 0.26  0.66 -0.09 -0.65 -0.17 -0.01]
 [-0.03 -0.09  0.5  -0.26 -0.46  0.35]
 [-0.05 -0.65 -0.26  1.    0.31 -0.35]
 [-0.45 -0.17 -0.46  0.31  0.91 -0.14]
 [-0.21 -0.01  0.35 -0.35 -0.14  0.36]]
Elemento 46, scale = 1.937636e+07
[[ 0.85 -0.41 -0.78  0.26 -0.08  0.15]
 [-0.41  0.85  0.22 -0.22  0.19 -0.63]
 [-0.78  0.22  1.    0.05 -0.22 -0.27]
 [ 0.26 -0.22  0.05  0.36 -0.31 -0.14]
 [-0.08  0.19 -0.22 -0.31  0.3   0.11]
 [ 0.15 -0.63 -0.27 -0.14  0.11  0.77]]
Elemento 47, scale = 1.947318e+07
[[ 9.51e-01  2.25e-01 -1.14e-01 -2.54e-01 -8.37e-01  2.89e-02]
 [ 2.25e-01  4.49e-01 -2.96e-01 -3.25e-01  7.12e-02 -1.25e-01]
 [-1.14e-01 -2.96e-01  2.77e-01  4.85e-04 -1.63e-01  2.96e-01]
 [-2.54e-01 -3.25e-01  4.85e-04  7.92e-01  2.54e-01 -4.68e-01]
 [-8.37e-01  7.12e-02 -1.63e-01  2.54e-01  1.00e+00 -3.25e-01]
 [ 2.89e-02 -1.25e-01  2.96e-01 -4.68e-01 -3.25e-01  5.93e-01]]
Elemento 48, scale = 1.947328e+07
[[ 0.5   0.26 -0.01 -0.06 -0.49 -0.21]
 [ 0.26  0.63 -0.1  -0.61 -0.16 -0.01]
 [-0.01 -0.1   0.51 -0.27 -0.5   0.36]
 [-0.06 -0.61 -0.27  1.    0.32 -0.39]
 [-0.49 -0.16 -0.5   0.32  0.99 -0.16]
 [-0.21 -0.01  0.36 -0.39 -0.16  0.4 ]]
Elemento 49, scale = 2.036447e+07
[[ 0.46  0.25  0.02  0.01 -0.48 -0.27]
 [ 0.25  0.7  -0.03 -0.57 -0.22 -0.13]
 [ 0.02 -0.03  0.5  -0.27 -0.52  0.3 ]
 [ 0.01 -0.57 -0.27  0.79  0.26 -0.22]
 [-0.48 -0.22 -0.52  0.26  1.   -0.04]
 [-0.27 -0.13  0.3  -0.22 -0.04  0.35]]
Elemento 50, scale = 1.924334e+07
[[ 0.51  0.27 -0.05  0.08 -0.46 -0.35]
 [ 0.27  1.    0.03 -0.7  -0.3  -0.3 ]
 [-0.05  0.03  0.51 -0.28 -0.46  0.24]
 [ 0.08 -0.7  -0.28  0.75  0.2  -0.05]
 [-0.46 -0.3  -0.46  0.2   0.93  0.1 ]
 [-0.35 -0.3   0.24 -0.05  0.1   0.35]]
Elemento 51, scale = 2.070511e+07
[[ 1.    0.1  -0.58 -0.29 -0.42  0.19]
 [ 0.1   0.37 -0.33 -0.33  0.23 -0.04]
 [-0.58 -0.33  0.56  0.31  0.02  0.03]
 [-0.29 -0.33  0.31  0.89 -0.01 -0.56]
 [-0.42  0.23  0.02 -0.01  0.4  -0.22]
 [ 0.19 -0.04  0.03 -0.56 -0.22  0.6 ]]
Elemento 52, scale = 1.761239e+07
[[ 0.56  0.3  -0.07  0.03 -0.49 -0.34]
 [ 0.3   1.   -0.01 -0.81 -0.29 -0.19]
 [-0.07 -0.01  0.56 -0.31 -0.49  0.32]
 [ 0.03 -0.81 -0.31  0.96  0.27 -0.15]
 [-0.49 -0.29 -0.49  0.27  0.98  0.02]
 [-0.34 -0.19  0.32 -0.15  0.02  0.34]]
Elemento 53, scale = 1.800115e+07
[[ 0.93  0.03 -0.41 -0.29 -0.52  0.26]
 [ 0.03  0.33 -0.33 -0.19  0.3  -0.14]
 [-0.41 -0.33  0.49  0.26 -0.09  0.08]
 [-0.29 -0.19  0.26  1.    0.03 -0.81]
 [-0.52  0.3  -0.09  0.03  0.61 -0.33]
 [ 0.26 -0.14  0.08 -0.81 -0.33  0.95]]
Elemento 54, scale = 2.224141e+07
[[ 0.43  0.23 -0.07 -0.06 -0.36 -0.17]
 [ 0.23  0.59 -0.1  -0.63 -0.13  0.04]
 [-0.07 -0.1   0.46 -0.22 -0.39  0.32]
 [-0.06 -0.63 -0.22  1.    0.28 -0.37]
 [-0.36 -0.13 -0.39  0.28  0.76 -0.15]
 [-0.17  0.04  0.32 -0.37 -0.15  0.33]]
Elemento 55, scale = 2.384391e+07
[[ 0.22  0.07  0.    0.2  -0.22 -0.27]
 [ 0.07  0.56  0.16 -0.29 -0.23 -0.27]
 [ 0.    0.16  0.78 -0.25 -0.78  0.08]
 [ 0.2  -0.29 -0.25  0.45  0.05 -0.16]
 [-0.22 -0.23 -0.78  0.05  1.    0.19]
 [-0.27 -0.27  0.08 -0.16  0.19  0.42]]
Elemento 56, scale = 2.122291e+07
[[ 0.77  0.02 -0.02 -0.23 -0.75  0.22]
 [ 0.02  0.27 -0.27 -0.03  0.25 -0.24]
 [-0.02 -0.27  0.28  0.01 -0.25  0.26]
 [-0.23 -0.03  0.01  0.79  0.23 -0.75]
 [-0.75  0.25 -0.25  0.23  1.   -0.48]
 [ 0.22 -0.24  0.26 -0.75 -0.48  0.99]]
Elemento 57, scale = 2.406521e+07
[[ 0.24  0.06  0.03  0.22 -0.27 -0.28]
 [ 0.06  0.65  0.19 -0.13 -0.25 -0.52]
 [ 0.03  0.19  0.69 -0.11 -0.73 -0.08]
 [ 0.22 -0.13 -0.11  0.28 -0.11 -0.15]
 [-0.27 -0.25 -0.73 -0.11  1.    0.36]
 [-0.28 -0.52 -0.08 -0.15  0.36  0.66]]
Elemento 58, scale = 2.007276e+07
[[ 0.94  0.13 -0.54 -0.31 -0.4   0.18]
 [ 0.13  0.37 -0.35 -0.36  0.22 -0.  ]
 [-0.54 -0.35  0.56  0.31 -0.02  0.05]
 [-0.31 -0.36  0.31  1.    0.01 -0.64]
 [-0.4   0.22 -0.02  0.01  0.42 -0.23]
 [ 0.18 -0.    0.05 -0.64 -0.23  0.64]]
Elemento 59, scale = 2.187132e+07
[[ 0.71 -0.07 -0.72 -0.15  0.    0.22]
 [-0.07  0.26 -0.19 -0.17  0.26 -0.09]
 [-0.72 -0.19  1.    0.44 -0.28 -0.25]
 [-0.15 -0.17  0.44  0.86 -0.29 -0.7 ]
 [ 0.    0.26 -0.28 -0.29  0.28  0.03]
 [ 0.22 -0.09 -0.25 -0.7   0.03  0.79]]
Elemento 60, scale = 2.090595e+07
[[ 0.33  0.18  0.01  0.09 -0.34 -0.27]
 [ 0.18  0.65  0.05 -0.55 -0.23 -0.1 ]
 [ 0.01  0.05  0.66 -0.34 -0.66  0.29]
 [ 0.09 -0.55 -0.34  0.8   0.25 -0.25]
 [-0.34 -0.23 -0.66  0.25  1.   -0.02]
 [-0.27 -0.1   0.29 -0.25 -0.02  0.35]]
Elemento 61, scale = 1.948284e+07
[[ 0.79  0.35 -0.06 -0.17 -0.74 -0.19]
 [ 0.35  0.69 -0.21 -0.56 -0.14 -0.13]
 [-0.06 -0.21  0.32 -0.11 -0.26  0.32]
 [-0.17 -0.56 -0.11  0.82  0.28 -0.26]
 [-0.74 -0.14 -0.26  0.28  1.   -0.14]
 [-0.19 -0.13  0.32 -0.26 -0.14  0.39]]
Elemento 62, scale = 1.993205e+07
[[ 0.5  -0.27 -0.51  0.33  0.01 -0.06]
 [-0.27  0.89  0.29 -0.3  -0.02 -0.59]
 [-0.51  0.29  1.   -0.1  -0.49 -0.2 ]
 [ 0.33 -0.3  -0.1   0.37 -0.24 -0.07]
 [ 0.01 -0.02 -0.49 -0.24  0.48  0.26]
 [-0.06 -0.59 -0.2  -0.07  0.26  0.66]]
Elemento 63, scale = 1.961638e+07
[[ 4.51e-01  2.33e-01  5.46e-04  1.15e-01 -4.52e-01 -3.48e-01]
 [ 2.33e-01  9.17e-01  7.28e-02 -5.84e-01 -3.06e-01 -3.33e-01]
 [ 5.46e-04  7.28e-02  5.48e-01 -2.82e-01 -5.48e-01  2.10e-01]
 [ 1.15e-01 -5.84e-01 -2.82e-01  6.42e-01  1.68e-01 -5.73e-02]
 [-4.52e-01 -3.06e-01 -5.48e-01  1.68e-01  1.00e+00  1.38e-01]
 [-3.48e-01 -3.33e-01  2.10e-01 -5.73e-02  1.38e-01  3.90e-01]]
Elemento 64, scale = 2.348238e+07
[[ 1.    0.12 -0.34 -0.25 -0.66  0.13]
 [ 0.12  0.38 -0.28 -0.24  0.16 -0.14]
 [-0.34 -0.28  0.29  0.14  0.05  0.14]
 [-0.25 -0.24  0.14  0.61  0.1  -0.37]
 [-0.66  0.16  0.05  0.1   0.61 -0.26]
 [ 0.13 -0.14  0.14 -0.37 -0.26  0.51]]
Elemento 65, scale = 1.811140e+07
[[ 0.43  0.19 -0.12  0.14 -0.3  -0.33]
 [ 0.19  0.99  0.09 -0.84 -0.28 -0.15]
 [-0.12  0.09  0.72 -0.39 -0.59  0.3 ]
 [ 0.14 -0.84 -0.39  1.    0.25 -0.16]
 [-0.3  -0.28 -0.59  0.25  0.9   0.03]
 [-0.33 -0.15  0.3  -0.16  0.03  0.32]]
Elemento 66, scale = 2.569056e+07
[[ 0.49  0.26 -0.1   0.04 -0.4  -0.29]
 [ 0.26  1.    0.   -0.64 -0.26 -0.36]
 [-0.1   0.    0.31 -0.17 -0.21  0.16]
 [ 0.04 -0.64 -0.17  0.56  0.13  0.09]
 [-0.4  -0.26 -0.21  0.13  0.61  0.13]
 [-0.29 -0.36  0.16  0.09  0.13  0.27]]
Elemento 67, scale = 1.861086e+07
[[ 0.53  0.29 -0.02  0.02 -0.51 -0.31]
 [ 0.29  0.88 -0.02 -0.7  -0.27 -0.18]
 [-0.02 -0.02  0.52 -0.29 -0.49  0.31]
 [ 0.02 -0.7  -0.29  0.87  0.26 -0.17]
 [-0.51 -0.27 -0.49  0.26  1.    0.  ]
 [-0.31 -0.18  0.31 -0.17  0.    0.35]]
Elemento 68, scale = 2.256367e+07
[[ 0.49  0.26  0.06 -0.02 -0.55 -0.24]
 [ 0.26  0.6  -0.06 -0.44 -0.2  -0.16]
 [ 0.06 -0.06  0.39 -0.21 -0.45  0.27]
 [-0.02 -0.44 -0.21  0.64  0.24 -0.19]
 [-0.55 -0.2  -0.45  0.24  1.   -0.04]
 [-0.24 -0.16  0.27 -0.19 -0.04  0.35]]
Elemento 69, scale = 2.182017e+07
[[ 1.   -0.17 -0.55 -0.12 -0.45  0.29]
 [-0.17  0.41 -0.16 -0.05  0.33 -0.36]
 [-0.55 -0.16  0.5   0.24  0.05 -0.08]
 [-0.12 -0.05  0.24  0.49 -0.12 -0.44]
 [-0.45  0.33  0.05 -0.12  0.4  -0.21]
 [ 0.29 -0.36 -0.08 -0.44 -0.21  0.8 ]]
Elemento 70, scale = 1.931047e+07
[[ 0.54 -0.29 -0.54  0.23 -0.01  0.06]
 [-0.29  0.69  0.19 -0.07  0.1  -0.62]
 [-0.54  0.19  1.    0.12 -0.46 -0.3 ]
 [ 0.23 -0.07  0.12  0.38 -0.35 -0.31]
 [-0.01  0.1  -0.46 -0.35  0.47  0.25]
 [ 0.06 -0.62 -0.3  -0.31  0.25  0.93]]
Elemento 71, scale = 2.049120e+07
[[ 1.    0.06 -0.45 -0.27 -0.55  0.21]
 [ 0.06  0.36 -0.31 -0.22  0.25 -0.13]
 [-0.45 -0.31  0.43  0.23  0.02  0.07]
 [-0.27 -0.22  0.23  0.77  0.03 -0.55]
 [-0.55  0.25  0.02  0.03  0.52 -0.28]
 [ 0.21 -0.13  0.07 -0.55 -0.28  0.69]]
Elemento 72, scale = 2.166242e+07
[[ 0.55 -0.29 -0.59  0.24  0.04  0.05]
 [-0.29  0.65  0.2  -0.16  0.09 -0.48]
 [-0.59  0.2   1.    0.05 -0.41 -0.25]
 [ 0.24 -0.16  0.05  0.35 -0.28 -0.19]
 [ 0.04  0.09 -0.41 -0.28  0.37  0.2 ]
 [ 0.05 -0.48 -0.25 -0.19  0.2   0.68]]
Elemento 73, scale = 2.415409e+07
[[ 0.37 -0.11 -0.24  0.28 -0.13 -0.17]
 [-0.11  1.    0.24 -0.39 -0.14 -0.61]
 [-0.24  0.24  0.59 -0.17 -0.35 -0.07]
 [ 0.28 -0.39 -0.17  0.31 -0.11  0.07]
 [-0.13 -0.14 -0.35 -0.11  0.48  0.24]
 [-0.17 -0.61 -0.07  0.07  0.24  0.54]]
Elemento 74, scale = 1.948144e+07
[[ 1.    0.03 -0.47 -0.27 -0.53  0.24]
 [ 0.03  0.35 -0.31 -0.2   0.28 -0.15]
 [-0.47 -0.31  0.47  0.26 -0.    0.05]
 [-0.27 -0.2   0.26  0.82  0.01 -0.63]
 [-0.53  0.28 -0.    0.01  0.54 -0.29]
 [ 0.24 -0.15  0.05 -0.63 -0.29  0.78]]
Elemento 75, scale = 2.606058e+07
[[ 1.   -0.07 -0.61 -0.15 -0.39  0.21]
 [-0.07  0.36 -0.18 -0.16  0.25 -0.2 ]
 [-0.61 -0.18  0.51  0.23  0.1  -0.05]
 [-0.15 -0.16  0.23  0.46 -0.09 -0.3 ]
 [-0.39  0.25  0.1  -0.09  0.29 -0.16]
 [ 0.21 -0.2  -0.05 -0.3  -0.16  0.5 ]]
Elemento 76, scale = 1.845933e+07
[[ 0.67  0.37 -0.05 -0.05 -0.63 -0.32]
 [ 0.37  0.95 -0.09 -0.72 -0.27 -0.23]
 [-0.05 -0.09  0.42 -0.22 -0.37  0.31]
 [-0.05 -0.72 -0.22  0.84  0.26 -0.12]
 [-0.63 -0.27 -0.37  0.26  1.    0.01]
 [-0.32 -0.23  0.31 -0.12  0.01  0.35]]
Elemento 77, scale = 2.111113e+07
[[ 0.3   0.06 -0.01  0.25 -0.3  -0.32]
 [ 0.06  0.83  0.22 -0.23 -0.28 -0.61]
 [-0.01  0.22  0.71 -0.15 -0.7  -0.06]
 [ 0.25 -0.23 -0.15  0.32 -0.1  -0.09]
 [-0.3  -0.28 -0.7  -0.1   1.    0.38]
 [-0.32 -0.61 -0.06 -0.09  0.38  0.7 ]]
Elemento 78, scale = 2.310780e+07
[[ 0.63  0.07 -0.37 -0.25 -0.27  0.18]
 [ 0.07  0.24 -0.29 -0.24  0.22  0.01]
 [-0.37 -0.29  0.49  0.26 -0.13  0.03]
 [-0.25 -0.24  0.26  1.   -0.01 -0.76]
 [-0.27  0.22 -0.13 -0.01  0.39 -0.21]
 [ 0.18  0.01  0.03 -0.76 -0.21  0.75]]
Elemento 79, scale = 2.229577e+07
[[ 0.57 -0.3  -0.62  0.29  0.05  0.02]
 [-0.3   0.74  0.25 -0.27  0.05 -0.47]
 [-0.62  0.25  1.   -0.05 -0.38 -0.2 ]
 [ 0.29 -0.27 -0.05  0.36 -0.24 -0.09]
 [ 0.05  0.05 -0.38 -0.24  0.34  0.19]
 [ 0.02 -0.47 -0.2  -0.09  0.19  0.56]]
Elemento 80, scale = 2.054525e+07
[[ 0.66 -0.07 -0.57 -0.17 -0.09  0.25]
 [-0.07  0.25 -0.21 -0.1   0.29 -0.15]
 [-0.57 -0.21  0.84  0.43 -0.26 -0.21]
 [-0.17 -0.1   0.43  0.95 -0.25 -0.85]
 [-0.09  0.29 -0.26 -0.25  0.35 -0.03]
 [ 0.25 -0.15 -0.21 -0.85 -0.03  1.  ]]
Elemento 81, scale = 2.179798e+07
[[ 0.5  -0.26 -0.38  0.3  -0.12 -0.03]
 [-0.26  1.    0.26 -0.23  0.   -0.77]
 [-0.38  0.26  0.69 -0.06 -0.31 -0.2 ]
 [ 0.3  -0.23 -0.06  0.25 -0.23 -0.02]
 [-0.12  0.   -0.31 -0.23  0.43  0.23]
 [-0.03 -0.77 -0.2  -0.02  0.23  0.79]]
Elemento 82, scale = 2.336642e+07
[[ 0.57 -0.27 -0.63  0.21  0.06  0.06]
 [-0.27  0.57  0.18 -0.17  0.1  -0.4 ]
 [-0.63  0.18  1.    0.05 -0.37 -0.23]
 [ 0.21 -0.17  0.05  0.36 -0.27 -0.18]
 [ 0.06  0.1  -0.37 -0.27  0.31  0.17]
 [ 0.06 -0.4  -0.23 -0.18  0.17  0.58]]
Elemento 83, scale = 2.168014e+07
[[ 0.27 -0.12 -0.26  0.28 -0.01 -0.15]
 [-0.12  0.62  0.24 -0.13 -0.11 -0.49]
 [-0.26  0.24  1.   -0.04 -0.74 -0.2 ]
 [ 0.28 -0.13 -0.04  0.35 -0.24 -0.22]
 [-0.01 -0.11 -0.74 -0.24  0.75  0.35]
 [-0.15 -0.49 -0.2  -0.22  0.35  0.71]]
Elemento 84, scale = 2.065671e+07
[[ 0.59  0.32 -0.09 -0.01 -0.5  -0.31]
 [ 0.32  1.   -0.05 -0.74 -0.27 -0.26]
 [-0.09 -0.05  0.39 -0.21 -0.3   0.25]
 [-0.01 -0.74 -0.21  0.77  0.22 -0.03]
 [-0.5  -0.27 -0.3   0.22  0.8   0.06]
 [-0.31 -0.26  0.25 -0.03  0.06  0.29]]
Elemento 85, scale = 1.874517e+07
[[ 0.95  0.07 -0.5  -0.3  -0.45  0.23]
 [ 0.07  0.34 -0.34 -0.27  0.27 -0.07]
 [-0.5  -0.34  0.54  0.29 -0.05  0.05]
 [-0.3  -0.27  0.29  1.    0.01 -0.73]
 [-0.45  0.27 -0.05  0.01  0.5  -0.28]
 [ 0.23 -0.07  0.05 -0.73 -0.28  0.8 ]]
Elemento 86, scale = 1.812130e+07
[[ 0.44 -0.22 -0.39  0.35 -0.05 -0.13]
 [-0.22  0.96  0.3  -0.25 -0.09 -0.71]
 [-0.39  0.3   1.   -0.09 -0.61 -0.21]
 [ 0.35 -0.25 -0.09  0.37 -0.26 -0.11]
 [-0.05 -0.09 -0.61 -0.26  0.66  0.35]
 [-0.13 -0.71 -0.21 -0.11  0.35  0.82]]
Elemento 87, scale = 2.274803e+07
[[ 0.42 -0.23 -0.33  0.18 -0.08  0.05]
 [-0.23  0.62  0.14  0.04  0.09 -0.66]
 [-0.33  0.14  0.71  0.13 -0.37 -0.27]
 [ 0.18  0.04  0.13  0.3  -0.31 -0.34]
 [-0.08  0.09 -0.37 -0.31  0.46  0.22]
 [ 0.05 -0.66 -0.27 -0.34  0.22  1.  ]]
Elemento 88, scale = 2.348702e+07
[[ 1.    0.03 -0.46 -0.22 -0.54  0.2 ]
 [ 0.03  0.35 -0.26 -0.19  0.23 -0.16]
 [-0.46 -0.26  0.38  0.21  0.08  0.05]
 [-0.22 -0.19  0.21  0.59  0.01 -0.4 ]
 [-0.54  0.23  0.08  0.01  0.46 -0.24]
 [ 0.2  -0.16  0.05 -0.4  -0.24  0.57]]
Elemento 89, scale = 2.545319e+07
[[ 0.39 -0.19 -0.2   0.21 -0.19 -0.02]
 [-0.19  0.85  0.18 -0.01  0.01 -0.84]
 [-0.2   0.18  0.48  0.03 -0.28 -0.21]
 [ 0.21 -0.01  0.03  0.17 -0.24 -0.16]
 [-0.19  0.01 -0.28 -0.24  0.47  0.23]
 [-0.02 -0.84 -0.21 -0.16  0.23  1.  ]]
Elemento 90, scale = 1.880717e+07
[[ 0.4   0.19 -0.1   0.12 -0.3  -0.31]
 [ 0.19  0.9   0.07 -0.79 -0.26 -0.1 ]
 [-0.1   0.07  0.7  -0.38 -0.6   0.31]
 [ 0.12 -0.79 -0.38  1.    0.26 -0.21]
 [-0.3  -0.26 -0.6   0.26  0.89  0.  ]
 [-0.31 -0.1   0.31 -0.21  0.    0.31]]
Elemento 91, scale = 2.006036e+07
[[ 0.57 -0.31 -0.53  0.34 -0.04 -0.03]
 [-0.31  1.    0.3  -0.33  0.01 -0.67]
 [-0.53  0.3   0.91 -0.11 -0.38 -0.2 ]
 [ 0.34 -0.33 -0.11  0.34 -0.24 -0.02]
 [-0.04  0.01 -0.38 -0.24  0.42  0.23]
 [-0.03 -0.67 -0.2  -0.02  0.23  0.69]]
Elemento 92, scale = 1.941088e+07
[[ 1.   -0.03 -0.69 -0.23 -0.31  0.26]
 [-0.03  0.35 -0.27 -0.21  0.31 -0.14]
 [-0.69 -0.27  0.73  0.38 -0.04 -0.1 ]
 [-0.23 -0.21  0.38  0.84 -0.14 -0.63]
 [-0.31  0.31 -0.04 -0.14  0.35 -0.16]
 [ 0.26 -0.14 -0.1  -0.63 -0.16  0.78]]
Elemento 93, scale = 2.466012e+07
[[ 0.39  0.22 -0.11 -0.06 -0.28 -0.15]
 [ 0.22  0.59 -0.1  -0.66 -0.12  0.07]
 [-0.11 -0.1   0.43 -0.19 -0.32  0.29]
 [-0.06 -0.66 -0.19  1.    0.25 -0.34]
 [-0.28 -0.12 -0.32  0.25  0.6  -0.13]
 [-0.15  0.07  0.29 -0.34 -0.13  0.27]]
Elemento 94, scale = 1.867429e+07
[[ 1.    0.25 -0.15 -0.27 -0.85  0.02]
 [ 0.25  0.48 -0.31 -0.37  0.07 -0.12]
 [-0.15 -0.31  0.3   0.01 -0.15  0.3 ]
 [-0.27 -0.37  0.01  0.84  0.26 -0.48]
 [-0.85  0.07 -0.15  0.26  1.   -0.32]
 [ 0.02 -0.12  0.3  -0.48 -0.32  0.59]]
Elemento 95, scale = 2.079805e+07
[[ 0.39  0.21  0.02  0.06 -0.42 -0.28]
 [ 0.21  0.69  0.02 -0.54 -0.24 -0.15]
 [ 0.02  0.02  0.56 -0.3  -0.58  0.28]
 [ 0.06 -0.54 -0.3   0.74  0.24 -0.2 ]
 [-0.42 -0.24 -0.58  0.24  1.    0.  ]
 [-0.28 -0.15  0.28 -0.2   0.    0.35]]
Elemento 96, scale = 2.012168e+07
[[ 0.73  0.04 -0.29 -0.26 -0.45  0.22]
 [ 0.04  0.26 -0.3  -0.17  0.26 -0.1 ]
 [-0.29 -0.3   0.43  0.19 -0.14  0.11]
 [-0.26 -0.17  0.19  1.    0.07 -0.83]
 [-0.45  0.26 -0.14  0.07  0.59 -0.33]
 [ 0.22 -0.1   0.11 -0.83 -0.33  0.93]]
Elemento 97, scale = 2.104111e+07
[[ 0.67 -0.06 -0.46 -0.19 -0.21  0.25]
 [-0.06  0.25 -0.23 -0.07  0.29 -0.18]
 [-0.46 -0.23  0.63  0.34 -0.18 -0.12]
 [-0.19 -0.07  0.34  0.89 -0.16 -0.82]
 [-0.21  0.29 -0.18 -0.16  0.39 -0.14]
 [ 0.25 -0.18 -0.12 -0.82 -0.14  1.  ]]
Elemento 98, scale = 2.620609e+07
[[ 0.59 -0.22 -0.3  -0.02 -0.28  0.24]
 [-0.22  0.41 -0.05  0.11  0.27 -0.52]
 [-0.3  -0.05  0.39  0.18 -0.09 -0.13]
 [-0.02  0.11  0.18  0.37 -0.17 -0.48]
 [-0.28  0.27 -0.09 -0.17  0.37 -0.11]
 [ 0.24 -0.52 -0.13 -0.48 -0.11  1.  ]]
Elemento 99, scale = 1.925505e+07
[[ 1.    0.06 -0.54 -0.29 -0.46  0.23]
 [ 0.06  0.36 -0.33 -0.26  0.27 -0.09]
 [-0.54 -0.33  0.55  0.3  -0.01  0.03]
 [-0.29 -0.26  0.3   0.91 -0.01 -0.65]
 [-0.46  0.27 -0.01 -0.01  0.47 -0.26]
 [ 0.23 -0.09  0.03 -0.65 -0.26  0.74]]
Elemento 100, scale = 2.196871e+07
[[ 0.24  0.03 -0.03  0.26 -0.22 -0.28]
 [ 0.03  0.69  0.22 -0.18 -0.24 -0.51]
 [-0.03  0.22  0.81 -0.14 -0.78 -0.08]
 [ 0.26 -0.18 -0.14  0.33 -0.12 -0.15]
 [-0.22 -0.24 -0.78 -0.12  1.    0.36]
 [-0.28 -0.51 -0.08 -0.15  0.36  0.66]]
Elemento 101, scale = 1.891200e+07
[[ 0.55  0.3  -0.1   0.01 -0.45 -0.31]
 [ 0.3   1.   -0.03 -0.83 -0.27 -0.17]
 [-0.1  -0.03  0.5  -0.27 -0.4   0.3 ]
 [ 0.01 -0.83 -0.27  0.95  0.26 -0.12]
 [-0.45 -0.27 -0.4   0.26  0.84  0.01]
 [-0.31 -0.17  0.3  -0.12  0.01  0.3 ]]
Elemento 102, scale = 1.847155e+07
[[ 0.93 -0.46 -0.81  0.29 -0.12  0.17]
 [-0.46  0.97  0.25 -0.25  0.21 -0.72]
 [-0.81  0.25  1.    0.03 -0.19 -0.27]
 [ 0.29 -0.25  0.03  0.35 -0.32 -0.1 ]
 [-0.12  0.21 -0.19 -0.32  0.32  0.11]
 [ 0.17 -0.72 -0.27 -0.1   0.11  0.82]]
Elemento 103, scale = 2.337418e+07
[[ 0.35  0.03 -0.06  0.24 -0.3  -0.27]
 [ 0.03  1.    0.2  -0.24 -0.23 -0.76]
 [-0.06  0.2   0.5  -0.11 -0.45 -0.09]
 [ 0.24 -0.24 -0.11  0.23 -0.13  0.01]
 [-0.3  -0.23 -0.45 -0.13  0.74  0.36]
 [-0.27 -0.76 -0.09  0.01  0.36  0.76]]
Elemento 104, scale = 2.114035e+07
[[ 0.75  0.1  -0.02 -0.23 -0.74  0.13]
 [ 0.1   0.29 -0.27 -0.15  0.16 -0.14]
 [-0.02 -0.27  0.28 -0.03 -0.26  0.29]
 [-0.23 -0.15 -0.03  0.8   0.25 -0.65]
 [-0.74  0.16 -0.26  0.25  1.   -0.42]
 [ 0.13 -0.14  0.29 -0.65 -0.42  0.79]]
Elemento 105, scale = 2.064584e+07
[[ 0.77  0.02 -0.08 -0.24 -0.69  0.22]
 [ 0.02  0.27 -0.28 -0.05  0.26 -0.22]
 [-0.08 -0.28  0.3   0.05 -0.22  0.23]
 [-0.24 -0.05  0.05  0.84  0.19 -0.78]
 [-0.69  0.26 -0.22  0.19  0.9  -0.46]
 [ 0.22 -0.22  0.23 -0.78 -0.46  1.  ]]
Elemento 106, scale = 2.805810e+07
[[ 0.21  0.11  0.09  0.13 -0.3  -0.24]
 [ 0.11  0.44  0.1  -0.22 -0.21 -0.22]
 [ 0.09  0.1   0.61 -0.21 -0.7   0.11]
 [ 0.13 -0.22 -0.21  0.39  0.08 -0.17]
 [-0.3  -0.21 -0.7   0.08  1.    0.13]
 [-0.24 -0.22  0.11 -0.17  0.13  0.38]]
Elemento 107, scale = 2.769045e+07
[[ 0.3   0.16  0.12  0.07 -0.42 -0.23]
 [ 0.16  0.45  0.04 -0.26 -0.2  -0.19]
 [ 0.12  0.04  0.46 -0.21 -0.58  0.18]
 [ 0.07 -0.26 -0.21  0.43  0.15 -0.17]
 [-0.42 -0.2  -0.58  0.15  1.    0.05]
 [-0.23 -0.19  0.18 -0.17  0.05  0.36]]
Elemento 108, scale = 2.200952e+07
[[ 0.75 -0.   -0.03 -0.22 -0.72  0.23]
 [-0.    0.26 -0.26 -0.01  0.27 -0.26]
 [-0.03 -0.26  0.26  0.02 -0.23  0.24]
 [-0.22 -0.01  0.02  0.75  0.2  -0.74]
 [-0.72  0.27 -0.23  0.2   0.95 -0.47]
 [ 0.23 -0.26  0.24 -0.74 -0.47  1.  ]]
Elemento 109, scale = 2.071519e+07
[[ 0.89  0.11 -0.55 -0.3  -0.34  0.19]
 [ 0.11  0.34 -0.34 -0.35  0.23  0.  ]
 [-0.55 -0.34  0.59  0.32 -0.04  0.02]
 [-0.3  -0.35  0.32  1.   -0.02 -0.65]
 [-0.34  0.23 -0.04 -0.02  0.38 -0.21]
 [ 0.19  0.    0.02 -0.65 -0.21  0.65]]
Elemento 110, scale = 1.916328e+07
[[ 1.    0.03 -0.2  -0.26 -0.8   0.24]
 [ 0.03  0.35 -0.31 -0.1   0.28 -0.25]
 [-0.2  -0.31  0.3   0.11 -0.1   0.2 ]
 [-0.26 -0.1   0.11  0.77  0.16 -0.66]
 [-0.8   0.28 -0.1   0.16  0.89 -0.43]
 [ 0.24 -0.25  0.2  -0.66 -0.43  0.91]]
Elemento 111, scale = 2.023995e+07
[[ 0.72 -0.39 -0.55  0.28 -0.16  0.11]
 [-0.39  1.    0.24 -0.17  0.15 -0.83]
 [-0.55  0.24  0.75  0.01 -0.2  -0.25]
 [ 0.28 -0.17  0.01  0.26 -0.29 -0.09]
 [-0.16  0.15 -0.2  -0.29  0.36  0.14]
 [ 0.11 -0.83 -0.25 -0.09  0.14  0.91]]
Elemento 112, scale = 3.570665e+07
[[ 0.2   0.1  -0.13  0.01 -0.07 -0.11]
 [ 0.1   0.43 -0.01 -0.59 -0.09  0.17]
 [-0.13 -0.01  0.46 -0.23 -0.33  0.24]
 [ 0.01 -0.59 -0.23  1.    0.22 -0.41]
 [-0.07 -0.09 -0.33  0.22  0.4  -0.13]
 [-0.11  0.17  0.24 -0.41 -0.13  0.24]]
Elemento 113, scale = 2.043371e+07
[[ 0.53 -0.29 -0.55  0.3   0.02 -0.01]
 [-0.29  0.8   0.26 -0.24  0.03 -0.57]
 [-0.55  0.26  1.   -0.04 -0.45 -0.22]
 [ 0.3  -0.24 -0.04  0.35 -0.26 -0.12]
 [ 0.02  0.03 -0.45 -0.26  0.43  0.24]
 [-0.01 -0.57 -0.22 -0.12  0.24  0.68]]
Elemento 114, scale = 2.494870e+07
[[ 0.46  0.08 -0.11 -0.21 -0.36  0.12]
 [ 0.08  0.19 -0.24 -0.2   0.16  0.01]
 [-0.11 -0.24  0.35  0.04 -0.25  0.2 ]
 [-0.21 -0.2   0.04  1.    0.17 -0.8 ]
 [-0.36  0.16 -0.25  0.17  0.61 -0.32]
 [ 0.12  0.01  0.2  -0.8  -0.32  0.79]]
Elemento 115, scale = 2.030416e+07
[[ 0.27  0.01 -0.07  0.28 -0.21 -0.29]
 [ 0.01  0.78  0.24 -0.22 -0.25 -0.56]
 [-0.07  0.24  0.86 -0.15 -0.79 -0.09]
 [ 0.28 -0.22 -0.15  0.36 -0.13 -0.14]
 [-0.21 -0.25 -0.79 -0.13  1.    0.38]
 [-0.29 -0.56 -0.09 -0.14  0.38  0.7 ]]
Elemento 116, scale = 2.316610e+07
[[ 0.45 -0.22 -0.37  0.31 -0.09 -0.09]
 [-0.22  1.    0.27 -0.35 -0.05 -0.65]
 [-0.37  0.27  0.69 -0.14 -0.32 -0.13]
 [ 0.31 -0.35 -0.14  0.3  -0.17  0.05]
 [-0.09 -0.05 -0.32 -0.17  0.41  0.22]
 [-0.09 -0.65 -0.13  0.05  0.22  0.6 ]]
Elemento 117, scale = 2.242430e+07
[[ 0.68 -0.   -0.64 -0.22 -0.04  0.22]
 [-0.    0.24 -0.25 -0.22  0.26 -0.02]
 [-0.64 -0.25  0.89  0.45 -0.25 -0.2 ]
 [-0.22 -0.22  0.45  1.   -0.23 -0.78]
 [-0.04  0.26 -0.25 -0.23  0.28 -0.02]
 [ 0.22 -0.02 -0.2  -0.78 -0.02  0.8 ]]
Elemento 118, scale = 1.997881e+07
[[ 0.93  0.12 -0.52 -0.31 -0.41  0.19]
 [ 0.12  0.36 -0.35 -0.35  0.23 -0.01]
 [-0.52 -0.35  0.55  0.3  -0.03  0.05]
 [-0.31 -0.35  0.3   1.    0.01 -0.65]
 [-0.41  0.23 -0.03  0.01  0.43 -0.24]
 [ 0.19 -0.01  0.05 -0.65 -0.24  0.66]]
Elemento 119, scale = 1.956450e+07
[[ 5.30e-01 -2.86e-01 -5.31e-01  2.56e-01  6.06e-04  3.00e-02]
 [-2.86e-01  7.26e-01  2.14e-01 -1.13e-01  7.21e-02 -6.13e-01]
 [-5.31e-01  2.14e-01  1.00e+00  6.89e-02 -4.69e-01 -2.83e-01]
 [ 2.56e-01 -1.13e-01  6.89e-02  3.60e-01 -3.25e-01 -2.47e-01]
 [ 6.06e-04  7.21e-02 -4.69e-01 -3.25e-01  4.69e-01  2.53e-01]
 [ 3.00e-02 -6.13e-01 -2.83e-01 -2.47e-01  2.53e-01  8.60e-01]]
Elemento 120, scale = 1.909244e+07
[[ 0.58 -0.31 -0.57  0.26 -0.02  0.05]
 [-0.31  0.76  0.22 -0.12  0.1  -0.64]
 [-0.57  0.22  1.    0.07 -0.43 -0.29]
 [ 0.26 -0.12  0.07  0.36 -0.33 -0.24]
 [-0.02  0.1  -0.43 -0.33  0.45  0.23]
 [ 0.05 -0.64 -0.29 -0.24  0.23  0.88]]
Elemento 121, scale = 1.817825e+07
[[ 0.56 -0.3  -0.52  0.34 -0.04 -0.04]
 [-0.3   0.98  0.3  -0.25  0.01 -0.73]
 [-0.52  0.3   1.   -0.05 -0.48 -0.25]
 [ 0.34 -0.25 -0.05  0.36 -0.29 -0.11]
 [-0.04  0.01 -0.48 -0.29  0.52  0.29]
 [-0.04 -0.73 -0.25 -0.11  0.29  0.84]]
Elemento 122, scale = 1.935333e+07
[[ 0.51 -0.27 -0.47  0.35 -0.04 -0.08]
 [-0.27  1.    0.31 -0.32 -0.04 -0.68]
 [-0.47  0.31  0.93 -0.11 -0.46 -0.19]
 [ 0.35 -0.32 -0.11  0.36 -0.23 -0.04]
 [-0.04 -0.04 -0.46 -0.23  0.5   0.27]
 [-0.08 -0.68 -0.19 -0.04  0.27  0.72]]
Elemento 123, scale = 1.949376e+07
[[ 0.82  0.42 -0.07 -0.12 -0.76 -0.3 ]
 [ 0.42  0.93 -0.16 -0.65 -0.26 -0.27]
 [-0.07 -0.16  0.31 -0.14 -0.24  0.29]
 [-0.12 -0.65 -0.14  0.73  0.25 -0.08]
 [-0.76 -0.26 -0.24  0.25  1.    0.01]
 [-0.3  -0.27  0.29 -0.08  0.01  0.35]]
Elemento 124, scale = 2.219830e+07
[[ 0.63  0.14 -0.19 -0.25 -0.44  0.11]
 [ 0.14  0.29 -0.28 -0.31  0.14  0.02]
 [-0.19 -0.28  0.36  0.08 -0.17  0.2 ]
 [-0.25 -0.31  0.08  1.    0.16 -0.69]
 [-0.44  0.14 -0.17  0.16  0.61 -0.31]
 [ 0.11  0.02  0.2  -0.69 -0.31  0.67]]
Elemento 125, scale = 2.415178e+07
[[ 0.71  0.12  0.03 -0.19 -0.74  0.07]
 [ 0.12  0.29 -0.22 -0.14  0.11 -0.15]
 [ 0.03 -0.22  0.23 -0.06 -0.26  0.28]
 [-0.19 -0.14 -0.06  0.63  0.25 -0.49]
 [-0.74  0.11 -0.26  0.25  1.   -0.35]
 [ 0.07 -0.15  0.28 -0.49 -0.35  0.64]]
Elemento 126, scale = 2.218219e+07
[[ 0.63 -0.05 -0.33 -0.2  -0.3   0.24]
 [-0.05  0.23 -0.23 -0.05  0.28 -0.18]
 [-0.33 -0.23  0.48  0.26 -0.15 -0.03]
 [-0.2  -0.05  0.26  0.86 -0.07 -0.82]
 [-0.3   0.28 -0.15 -0.07  0.45 -0.21]
 [ 0.24 -0.18 -0.03 -0.82 -0.21  1.  ]]
Elemento 127, scale = 2.414543e+07
[[ 0.65  0.14 -0.35 -0.26 -0.29  0.12]
 [ 0.14  0.29 -0.3  -0.36  0.16  0.07]
 [-0.35 -0.3   0.45  0.21 -0.09  0.09]
 [-0.26 -0.36  0.21  1.    0.05 -0.64]
 [-0.29  0.16 -0.09  0.05  0.39 -0.21]
 [ 0.12  0.07  0.09 -0.64 -0.21  0.57]]
Elemento 128, scale = 2.582609e+07
[[ 0.27  0.15  0.09  0.09 -0.36 -0.24]
 [ 0.15  0.48  0.06 -0.31 -0.21 -0.17]
 [ 0.09  0.06  0.55 -0.25 -0.64  0.19]
 [ 0.09 -0.31 -0.25  0.5   0.16 -0.18]
 [-0.36 -0.21 -0.64  0.16  1.    0.05]
 [-0.24 -0.17  0.19 -0.18  0.05  0.36]]
Elemento 129, scale = 2.102011e+07
[[ 0.53 -0.29 -0.56  0.3   0.03 -0.01]
 [-0.29  0.78  0.26 -0.25  0.03 -0.53]
 [-0.56  0.26  1.   -0.04 -0.44 -0.21]
 [ 0.3  -0.25 -0.04  0.35 -0.25 -0.11]
 [ 0.03  0.03 -0.44 -0.25  0.41  0.22]
 [-0.01 -0.53 -0.21 -0.11  0.22  0.64]]
Elemento 130, scale = 1.893072e+07
[[ 0.65 -0.31 -0.62  0.17 -0.03  0.13]
 [-0.31  0.63  0.13 -0.04  0.18 -0.59]
 [-0.62  0.13  1.    0.19 -0.38 -0.32]
 [ 0.17 -0.04  0.19  0.42 -0.36 -0.38]
 [-0.03  0.18 -0.38 -0.36  0.41  0.18]
 [ 0.13 -0.59 -0.32 -0.38  0.18  0.97]]
Elemento 131, scale = 2.478885e+07
[[ 0.71  0.26  0.03 -0.13 -0.75 -0.12]
 [ 0.26  0.47 -0.17 -0.3  -0.09 -0.17]
 [ 0.03 -0.17  0.22 -0.09 -0.25  0.26]
 [-0.13 -0.3  -0.09  0.52  0.23 -0.22]
 [-0.75 -0.09 -0.25  0.23  1.   -0.14]
 [-0.12 -0.17  0.26 -0.22 -0.14  0.39]]
Elemento 132, scale = 1.868756e+07
[[ 0.58 -0.32 -0.46  0.3  -0.11  0.01]
 [-0.32  0.99  0.26 -0.14  0.06 -0.85]
 [-0.46  0.26  0.84  0.01 -0.38 -0.27]
 [ 0.3  -0.14  0.01  0.3  -0.31 -0.15]
 [-0.11  0.06 -0.38 -0.31  0.49  0.26]
 [ 0.01 -0.85 -0.27 -0.15  0.26  1.  ]]
Elemento 133, scale = 1.972015e+07
[[ 0.93  0.11 -0.1  -0.26 -0.83  0.15]
 [ 0.11  0.35 -0.3  -0.17  0.19 -0.18]
 [-0.1  -0.3   0.27  0.03 -0.17  0.27]
 [-0.26 -0.17  0.03  0.78  0.23 -0.61]
 [-0.83  0.19 -0.17  0.23  1.   -0.42]
 [ 0.15 -0.18  0.27 -0.61 -0.42  0.79]]
Elemento 134, scale = 2.172057e+07
[[ 0.74  0.11 -0.38 -0.27 -0.36  0.17]
 [ 0.11  0.29 -0.31 -0.3   0.2   0.01]
 [-0.38 -0.31  0.47  0.23 -0.09  0.08]
 [-0.27 -0.3   0.23  1.    0.04 -0.7 ]
 [-0.36  0.2  -0.09  0.04  0.45 -0.25]
 [ 0.17  0.01  0.08 -0.7  -0.25  0.69]]
Elemento 135, scale = 2.110847e+07
[[ 1.    0.08 -0.65 -0.28 -0.35  0.2 ]
 [ 0.08  0.36 -0.32 -0.32  0.24 -0.04]
 [-0.65 -0.32  0.64  0.34  0.01 -0.02]
 [-0.28 -0.32  0.34  0.87 -0.06 -0.55]
 [-0.35  0.24  0.01 -0.06  0.33 -0.18]
 [ 0.2  -0.04 -0.02 -0.55 -0.18  0.59]]
Elemento 136, scale = 1.969514e+07
[[ 1.    0.05 -0.64 -0.28 -0.36  0.23]
 [ 0.05  0.35 -0.32 -0.28  0.28 -0.07]
 [-0.64 -0.32  0.66  0.36 -0.02 -0.03]
 [-0.28 -0.28  0.36  0.91 -0.08 -0.63]
 [-0.36  0.28 -0.02 -0.08  0.37 -0.2 ]
 [ 0.23 -0.07 -0.03 -0.63 -0.2   0.71]]
Elemento 137, scale = 2.111593e+07
[[ 0.77  0.09 -0.43 -0.28 -0.35  0.19]
 [ 0.09  0.29 -0.32 -0.28  0.23 -0.01]
 [-0.43 -0.32  0.51  0.27 -0.08  0.05]
 [-0.28 -0.28  0.27  1.    0.01 -0.72]
 [-0.35  0.23 -0.08  0.01  0.43 -0.24]
 [ 0.19 -0.01  0.05 -0.72 -0.24  0.73]]
Elemento 138, scale = 2.004500e+07
[[ 0.6   0.22  0.   -0.18 -0.6  -0.04]
 [ 0.22  0.4  -0.22 -0.4   0.    0.  ]
 [ 0.   -0.22  0.39 -0.14 -0.4   0.36]
 [-0.18 -0.4  -0.14  1.    0.32 -0.6 ]
 [-0.6   0.   -0.4   0.32  1.   -0.33]
 [-0.04  0.    0.36 -0.6  -0.33  0.6 ]]
Elemento 139, scale = 2.038227e+07
[[ 0.34  0.05 -0.01  0.27 -0.34 -0.32]
 [ 0.05  0.96  0.23 -0.17 -0.28 -0.79]
 [-0.01  0.23  0.67 -0.1  -0.66 -0.13]
 [ 0.27 -0.17 -0.1   0.27 -0.17 -0.1 ]
 [-0.34 -0.28 -0.66 -0.17  1.    0.45]
 [-0.32 -0.79 -0.13 -0.1   0.45  0.89]]
Elemento 140, scale = 2.474167e+07
[[ 0.77 -0.12 -0.15 -0.17 -0.62  0.29]
 [-0.12  0.31 -0.2   0.08  0.32 -0.39]
 [-0.15 -0.2   0.23  0.11 -0.08  0.09]
 [-0.17  0.08  0.11  0.52  0.06 -0.61]
 [-0.62  0.32 -0.08  0.06  0.7  -0.38]
 [ 0.29 -0.39  0.09 -0.61 -0.38  1.  ]]
Elemento 141, scale = 2.228999e+07
[[ 1.    0.   -0.34 -0.22 -0.66  0.22]
 [ 0.    0.35 -0.26 -0.12  0.26 -0.23]
 [-0.34 -0.26  0.31  0.16  0.03  0.1 ]
 [-0.22 -0.12  0.16  0.59  0.06 -0.47]
 [-0.66  0.26  0.03  0.06  0.62 -0.31]
 [ 0.22 -0.23  0.1  -0.47 -0.31  0.69]]
Elemento 142, scale = 2.124193e+07
[[ 0.78  0.17 -0.03 -0.22 -0.76  0.05]
 [ 0.17  0.35 -0.26 -0.23  0.09 -0.12]
 [-0.03 -0.26  0.27 -0.04 -0.24  0.3 ]
 [-0.22 -0.23 -0.04  0.76  0.26 -0.52]
 [-0.76  0.09 -0.24  0.26  1.   -0.35]
 [ 0.05 -0.12  0.3  -0.52 -0.35  0.64]]
Elemento 143, scale = 2.093000e+07
[[ 1.   -0.02 -0.51 -0.23 -0.49  0.25]
 [-0.02  0.35 -0.27 -0.16  0.28 -0.19]
 [-0.51 -0.27  0.48  0.26  0.03  0.01]
 [-0.23 -0.16  0.26  0.69 -0.03 -0.53]
 [-0.49  0.28  0.03 -0.03  0.46 -0.25]
 [ 0.25 -0.19  0.01 -0.53 -0.25  0.72]]
Elemento 144, scale = 2.199084e+07
[[ 0.27  0.04  0.    0.25 -0.28 -0.29]
 [ 0.04  0.77  0.22 -0.14 -0.26 -0.63]
 [ 0.    0.22  0.72 -0.1  -0.72 -0.12]
 [ 0.25 -0.14 -0.1   0.28 -0.16 -0.14]
 [-0.28 -0.26 -0.72 -0.16  1.    0.41]
 [-0.29 -0.63 -0.12 -0.14  0.41  0.77]]
Elemento 145, scale = 1.859574e+07
[[ 0.96  0.02 -0.19 -0.27 -0.77  0.25]
 [ 0.02  0.34 -0.31 -0.09  0.3  -0.25]
 [-0.19 -0.31  0.32  0.11 -0.13  0.2 ]
 [-0.27 -0.09  0.11  0.84  0.16 -0.75]
 [-0.77  0.3  -0.13  0.16  0.9  -0.46]
