Elemento 0, scale = 3.585165e+07
[[ 0.32  0.    0.   -0.16 -0.32  0.16]
 [ 0.    0.92 -0.14  0.    0.14 -0.92]
 [ 0.   -0.14  0.23  0.   -0.23  0.14]
 [-0.16  0.    0.    0.08  0.16 -0.08]
 [-0.32  0.14 -0.23  0.16  0.55 -0.3 ]
 [ 0.16 -0.92  0.14 -0.08 -0.3   1.  ]]
Elemento 1, scale = 3.585165e+07
[[ 0.23  0.   -0.23  0.14  0.   -0.14]
 [ 0.    0.08  0.16 -0.08 -0.16  0.  ]
 [-0.23  0.16  0.55 -0.3  -0.32  0.14]
 [ 0.14 -0.08 -0.3   1.    0.16 -0.92]
 [ 0.   -0.16 -0.32  0.16  0.32  0.  ]
 [-0.14  0.    0.14 -0.92  0.    0.92]]


Matriz Global , scale factor = 3.585165e+07
[[ 0.55  0.   -0.32  0.16  0.   -0.3  -0.23  0.14]
 [ 0.    1.    0.14 -0.92 -0.3   0.    0.16 -0.08]
 [-0.32  0.14  0.55 -0.3  -0.23  0.16  0.    0.  ]
 [ 0.16 -0.92 -0.3   1.    0.14 -0.08  0.    0.  ]
 [ 0.   -0.3  -0.23  0.14  0.55  0.   -0.32  0.16]
 [-0.3   0.    0.16 -0.08  0.    1.    0.14 -0.92]
 [-0.23  0.16  0.    0.   -0.32  0.14  0.55 -0.3 ]
 [ 0.14 -0.08  0.    0.    0.16 -0.92 -0.3   1.  ]]

 su determinante: 1.958808e-50