  ## Matrices Locales 

#Elemento    1
  18.783E+06   9.391E+06 -18.783E+06  -9.391E+06
   9.391E+06   4.696E+06  -9.391E+06  -4.696E+06
 -18.783E+06  -9.391E+06  18.783E+06   9.391E+06
  -9.391E+06  -4.696E+06   9.391E+06   4.696E+06

#Elemento    2
  26.250E+06   0.000E+00 -26.250E+06   0.000E+00
   0.000E+00   0.000E+00   0.000E+00   0.000E+00
 -26.250E+06   0.000E+00  26.250E+06   0.000E+00
   0.000E+00   0.000E+00   0.000E+00   0.000E+00

#Elemento    3
 393.661E-27  -6.429E-09-393.661E-27   6.429E-09
  -6.429E-09 105.000E+06   6.429E-09-105.000E+06
-393.661E-27   6.429E-09 393.661E-27  -6.429E-09
   6.429E-09-105.000E+06  -6.429E-09 105.000E+06

#Elemento    4
  18.783E+06  -9.391E+06 -18.783E+06   9.391E+06
  -9.391E+06   4.696E+06   9.391E+06  -4.696E+06
 -18.783E+06   9.391E+06  18.783E+06  -9.391E+06
   9.391E+06  -4.696E+06  -9.391E+06   4.696E+06

#Elemento    5
  27.038E+06   0.000E+00 -27.038E+06   0.000E+00
   0.000E+00   0.000E+00   0.000E+00   0.000E+00
 -27.038E+06   0.000E+00  27.038E+06   0.000E+00
   0.000E+00   0.000E+00   0.000E+00   0.000E+00


Matriz del sistema
  37.566E+06  -5.588E-09      -18.783E+06  -9.391E+06     -393.661E-27   6.429E-09      -18.783E+06   9.391E+06
  -5.588E-09 114.391E+06       -9.391E+06  -4.696E+06        6.429E-09-105.000E+06        9.391E+06  -4.696E+06

 -18.783E+06  -9.391E+06       45.033E+06   9.391E+06      -26.250E+06   0.000E+00        0.000E+00   0.000E+00
  -9.391E+06  -4.696E+06        9.391E+06   4.696E+06        0.000E+00   0.000E+00        0.000E+00   0.000E+00

-393.661E-27   6.429E-09      -26.250E+06   0.000E+00       53.288E+06  -6.429E-09      -27.038E+06   0.000E+00
   6.429E-09-105.000E+06        0.000E+00   0.000E+00       -6.429E-09 105.000E+06        0.000E+00   0.000E+00

 -18.783E+06   9.391E+06        0.000E+00   0.000E+00      -27.038E+06   0.000E+00       45.820E+06  -9.391E+06
   9.391E+06  -4.696E+06        0.000E+00   0.000E+00        0.000E+00   0.000E+00       -9.391E+06   4.696E+06

